# Isochronal Gas Well Test - TOSCA 7-2
  0.00         0.0             2500.00     
  0.10         1250.0          2342.03     
  0.20         1250.0          2335.30     
  0.30         1250.0          2331.36     
  0.40         1250.0          2328.56     
  0.50         1250.0          2326.39     
  0.60         1250.0          2324.62     
  0.70         1250.0          2323.12     
  0.80         1250.0          2321.82     
  0.90         1250.0          2320.67     
  1.00         1250.0          2319.65     
  1.10         1250.0          2318.72     
  1.20         1250.0          2317.87     
  1.30         1250.0          2317.09     
  1.40         1250.0          2316.37     
  1.50         1250.0          2315.70     
  1.60         1250.0          2315.07     
  1.70         1250.0          2314.48     
  1.80         1250.0          2313.92     
  1.90         1250.0          2313.40     
  2.00         0.0             2312.90     
  2.10         0.0             2470.98     
  2.20         0.0             2477.15     
  2.30         0.0             2480.60     
  2.40         0.0             2482.93     
  2.50         0.0             2484.67     
  2.60         0.0             2486.03     
  2.70         0.0             2487.14     
  2.80         0.0             2488.07     
  2.90         0.0             2488.86     
  3.00         0.0             2489.54     
  3.10         0.0             2490.13     
  3.20         0.0             2490.66     
  3.30         0.0             2491.13     
  3.40         0.0             2491.55     
  3.50         0.0             2491.93     
  3.60         0.0             2492.28     
  3.70         0.0             2492.60     
  3.80         0.0             2492.89     
  3.90         0.0             2493.15     
  4.00         1750.0          2493.40     
  4.10         1750.0          2271.33     
  4.20         1750.0          2262.02     
  4.30         1750.0          2256.65     
  4.40         1750.0          2252.88     
  4.50         1750.0          2249.99     
  4.60         1750.0          2247.65     
  4.70         1750.0          2245.68     
  4.80         1750.0          2243.99     
  4.90         1750.0          2242.51     
  5.00         1750.0          2241.19     
  5.10         1750.0          2240.00     
  5.20         1750.0          2238.92     
  5.30         1750.0          2237.93     
  5.40         1750.0          2237.02     
  5.50         1750.0          2236.17     
  5.60         1750.0          2235.38     
  5.70         1750.0          2234.64     
  5.80         1750.0          2233.94     
  5.90         1750.0          2233.28     
  6.00         0.0             2232.66     
  6.10         0.0             2455.55     
  6.20         0.0             2464.28     
  6.30         0.0             2469.18     
  6.40         0.0             2472.52     
  6.50         0.0             2475.02     
  6.60         0.0             2477.00     
  6.70         0.0             2478.62     
  6.80         0.0             2479.97     
  6.90         0.0             2481.13     
  7.00         0.0             2482.14     
  7.10         0.0             2483.03     
  7.20         0.0             2483.82     
  7.30         0.0             2484.53     
  7.40         0.0             2485.17     
  7.50         0.0             2485.75     
  7.60         0.0             2486.28     
  7.70         0.0             2486.77     
  7.80         0.0             2487.22     
  7.90         0.0             2487.63     
  8.00         2500.0          2488.02     
  8.10         2500.0          2168.23     
  8.20         2500.0          2154.72     
  8.30         2500.0          2146.93     
  8.40         2500.0          2141.47     
  8.50         2500.0          2137.28     
  8.60         2500.0          2133.89     
  8.70         2500.0          2131.05     
  8.80         2500.0          2128.62     
  8.90         2500.0          2126.48     
  9.00         2500.0          2124.58     
  9.10         2500.0          2122.88     
  9.20         2500.0          2121.33     
  9.30         2500.0          2119.91     
  9.40         2500.0          2118.60     
  9.50         2500.0          2117.39     
  9.60         2500.0          2116.26     
  9.70         2500.0          2115.20     
  9.80         2500.0          2114.20     
  9.90         2500.0          2113.26     
  10.00        0.0             2112.37     
  10.10        0.0             2434.42     
  10.20        0.0             2446.94     
  10.30        0.0             2453.97     
  10.40        0.0             2458.78     
  10.50        0.0             2462.38     
  10.60        0.0             2465.23     
  10.70        0.0             2467.56     
  10.80        0.0             2469.52     
  10.90        0.0             2471.19     
  11.00        0.0             2472.66     
  11.10        0.0             2473.94     
  11.20        0.0             2475.09     
  11.30        0.0             2476.12     
  11.40        0.0             2477.05     
  11.50        0.0             2477.90     
  11.60        0.0             2478.67     
  11.70        0.0             2479.38     
  11.80        0.0             2480.04     
  11.90        0.0             2480.65     
  12.00        3250.0          2481.22     
  12.10        3250.0          2061.57     
  12.20        3250.0          2043.66     
  12.30        3250.0          2033.33     
  12.40        3250.0          2026.11     
  12.50        3250.0          2020.58     
  12.60        3250.0          2016.11     
  12.70        3250.0          2012.37     
  12.80        3250.0          2009.16     
  12.90        3250.0          2006.35     
  13.00        3250.0          2003.86     
  13.10        3250.0          2001.62     
  13.20        3250.0          1999.59     
  13.30        3250.0          1997.74     
  13.40        3250.0          1996.02     
  13.50        3250.0          1994.44     
  13.60        3250.0          1992.96     
  13.70        3250.0          1991.58     
  13.80        3250.0          1990.28     
  13.90        3250.0          1989.05     
  14.00        1400.0          1987.89     
  14.10        1400.0          2232.98     
  14.20        1400.0          2242.10     
  14.30        1400.0          2247.07     
  14.40        1400.0          2250.35     
  14.50        1400.0          2252.74     
  14.60        1400.0          2254.56     
  14.70        1400.0          2256.01     
  14.80        1400.0          2257.19     
  14.90        1400.0          2258.16     
  15.00        1400.0          2258.98     
  15.10        1400.0          2259.67     
  15.20        1400.0          2260.27     
  15.30        1400.0          2260.79     
  15.40        1400.0          2261.24     
  15.50        1400.0          2261.63     
  15.60        1400.0          2261.98     
  15.70        1400.0          2262.29     
  15.80        1400.0          2262.56     
  15.90        1400.0          2262.80     
  16.00        1400.0          2263.01     
  16.10        1400.0          2263.20     
  16.20        1400.0          2263.37     
  16.30        1400.0          2263.53     
  16.40        1400.0          2263.66     
  16.50        1400.0          2263.78     
  16.60        1400.0          2263.89     
  16.70        1400.0          2263.99     
  16.80        1400.0          2264.07     
  16.90        1400.0          2264.15     
  17.00        1400.0          2264.22     
  17.10        1400.0          2264.27     
  17.20        1400.0          2264.33     
  17.30        1400.0          2264.37     
  17.40        1400.0          2264.41     
  17.50        1400.0          2264.44     
  17.60        1400.0          2264.47     
  17.70        1400.0          2264.50     
  17.80        1400.0          2264.52     
  17.90        1400.0          2264.53     
  18.00        1400.0          2264.54     
  18.10        1400.0          2264.55     
  18.20        1400.0          2264.56     
  18.30        1400.0          2264.56     
  18.40        1400.0          2264.56     
  18.50        1400.0          2264.56     
  18.60        1400.0          2264.55     
  18.70        1400.0          2264.54     
  18.80        1400.0          2264.53     
  18.90        1400.0          2264.52     
  19.00        1400.0          2264.51     
  19.10        1400.0          2264.49     
  19.20        1400.0          2264.48     
  19.30        1400.0          2264.46     
  19.40        1400.0          2264.44     
  19.50        1400.0          2264.42     
  19.60        1400.0          2264.40     
  19.70        1400.0          2264.37     
  19.80        1400.0          2264.35     
  19.90        1400.0          2264.33     
  20.00        1400.0          2264.30     
  20.10        1400.0          2264.27     
  20.20        1400.0          2264.24     
  20.30        1400.0          2264.22     
  20.40        1400.0          2264.19     
  20.50        1400.0          2264.16     
  20.60        1400.0          2264.13     
  20.70        1400.0          2264.10     
  20.80        1400.0          2264.06     
  20.90        1400.0          2264.03     
  21.00        1400.0          2264.00     
  21.10        1400.0          2263.97     
  21.20        1400.0          2263.93     
  21.30        1400.0          2263.90     
  21.40        1400.0          2263.86     
  21.50        1400.0          2263.83     
  21.60        1400.0          2263.79     
  21.70        1400.0          2263.76     
  21.80        1400.0          2263.72     
  21.90        1400.0          2263.69     
  22.00        1400.0          2263.65     
  22.10        1400.0          2263.62     
  22.20        1400.0          2263.58     
  22.30        1400.0          2263.54     
  22.40        1400.0          2263.50     
  22.50        1400.0          2263.47     
  22.60        1400.0          2263.43     
  22.70        1400.0          2263.39     
  22.80        1400.0          2263.36     
  22.90        1400.0          2263.32     
  23.00        1400.0          2263.28     
  23.10        1400.0          2263.24     
  23.20        1400.0          2263.20     
  23.30        1400.0          2263.17     
  23.40        1400.0          2263.13     
  23.50        1400.0          2263.09     
  23.60        1400.0          2263.05     
  23.70        1400.0          2263.01     
  23.80        1400.0          2262.97     
  23.90        1400.0          2262.94     
  24.00        1400.0          2262.90     
  24.10        1400.0          2262.86     
  24.20        1400.0          2262.82     
  24.30        1400.0          2262.78     
  24.40        1400.0          2262.74     
  24.50        1400.0          2262.70     
  24.60        1400.0          2262.67     
  24.70        1400.0          2262.63     
  24.80        1400.0          2262.59     
  24.90        1400.0          2262.55     
  25.00        1400.0          2262.51     
  25.10        1400.0          2262.47     
  25.20        1400.0          2262.43     
  25.30        1400.0          2262.40     
  25.40        1400.0          2262.36     
  25.50        1400.0          2262.32     
  25.60        1400.0          2262.28     
  25.70        1400.0          2262.24     
  25.80        1400.0          2262.20     
  25.90        1400.0          2262.16     
  26.00        1400.0          2262.13     
  26.10        1400.0          2262.09     
  26.20        1400.0          2262.05     
  26.30        1400.0          2262.01     
  26.40        1400.0          2261.97     
  26.50        1400.0          2261.94     
  26.60        1400.0          2261.90     
  26.70        1400.0          2261.86     
  26.80        1400.0          2261.82     
  26.90        1400.0          2261.78     
  27.00        1400.0          2261.75     
  27.10        1400.0          2261.71     
  27.20        1400.0          2261.67     
  27.30        1400.0          2261.63     
  27.40        1400.0          2261.60     
  27.50        1400.0          2261.56     
  27.60        1400.0          2261.52     
  27.70        1400.0          2261.48     
  27.80        1400.0          2261.45     
  27.90        1400.0          2261.41     
  28.00        1400.0          2261.37     
  28.10        1400.0          2261.34     
  28.20        1400.0          2261.30     
  28.30        1400.0          2261.26     
  28.40        1400.0          2261.23     
  28.50        1400.0          2261.19     
  28.60        1400.0          2261.15     
  28.70        1400.0          2261.12     
  28.80        1400.0          2261.08     
  28.90        1400.0          2261.04     
  29.00        1400.0          2261.01     
  29.10        1400.0          2260.97     
  29.20        1400.0          2260.94     
  29.30        1400.0          2260.90     
  29.40        1400.0          2260.86     
  29.50        1400.0          2260.83     
  29.60        1400.0          2260.79     
  29.70        1400.0          2260.76     
  29.80        1400.0          2260.72     
  29.90        1400.0          2260.69     
  30.00        1400.0          2260.65     
  30.10        1400.0          2260.61     
  30.20        1400.0          2260.58     
  30.30        1400.0          2260.54     
  30.40        1400.0          2260.51     
  30.50        1400.0          2260.47     
  30.60        1400.0          2260.44     
  30.70        1400.0          2260.40     
  30.80        1400.0          2260.37     
  30.90        1400.0          2260.34     
  31.00        1400.0          2260.30     
  31.10        1400.0          2260.27     
  31.20        1400.0          2260.23     
  31.30        1400.0          2260.20     
  31.40        1400.0          2260.16     
  31.50        1400.0          2260.13     
  31.60        1400.0          2260.10     
  31.70        1400.0          2260.06     
  31.80        1400.0          2260.03     
  31.90        1400.0          2259.99     
  32.00        1400.0          2259.96     
  32.10        1400.0          2259.93     
  32.20        1400.0          2259.89     
  32.30        1400.0          2259.86     
  32.40        1400.0          2259.83     
  32.50        1400.0          2259.79     
  32.60        1400.0          2259.76     
  32.70        1400.0          2259.73     
  32.80        1400.0          2259.69     
  32.90        1400.0          2259.66     
  33.00        1400.0          2259.63     
  33.10        1400.0          2259.59     
  33.20        1400.0          2259.56     
  33.30        1400.0          2259.53     
  33.40        1400.0          2259.50     
  33.50        1400.0          2259.46     
  33.60        1400.0          2259.43     
  33.70        1400.0          2259.40     
  33.80        1400.0          2259.37     
  33.90        1400.0          2259.33     
  34.00        1400.0          2259.30     
  34.10        1400.0          2259.27     
  34.20        1400.0          2259.24     
  34.30        1400.0          2259.21     
  34.40        1400.0          2259.18     
  34.50        1400.0          2259.14     
  34.60        1400.0          2259.11     
  34.70        1400.0          2259.08     
  34.80        1400.0          2259.05     
  34.90        1400.0          2259.02     
  35.00        1400.0          2258.99     
  35.10        1400.0          2258.96     
  35.20        1400.0          2258.92     
  35.30        1400.0          2258.89     
  35.40        1400.0          2258.86     
  35.50        1400.0          2258.83     
  35.60        1400.0          2258.80     
  35.70        1400.0          2258.77     
  35.80        1400.0          2258.74     
  35.90        1400.0          2258.71     
  36.00        1400.0          2258.68     
  36.10        1400.0          2258.65     
  36.20        1400.0          2258.62     
  36.30        1400.0          2258.59     
  36.40        1400.0          2258.56     
  36.50        1400.0          2258.53     
  36.60        1400.0          2258.50     
  36.70        1400.0          2258.47     
  36.80        1400.0          2258.44     
  36.90        1400.0          2258.41     
  37.00        1400.0          2258.38     
  37.10        1400.0          2258.35     
  37.20        1400.0          2258.32     
  37.30        1400.0          2258.29     
  37.40        1400.0          2258.26     
  37.50        1400.0          2258.23     
  37.60        1400.0          2258.20     
  37.70        1400.0          2258.17     
  37.80        1400.0          2258.14     
  37.90        1400.0          2258.11     
  38.00        1400.0          2258.08     
