14.7	0.997784302	0.011606747
100	0.984986523	0.011663547
105	0.984239737	0.011667776
110	0.983493349	0.011672083
115	0.982747364	0.011676467
120	0.982001785	0.011680925
125	0.981256616	0.011685457
130	0.980511862	0.011690062
135	0.979767525	0.011694737
140	0.979023611	0.011699481
145	0.978280124	0.011704294
150	0.977537067	0.011709175
155	0.976794444	0.011714122
160	0.97605226	0.011719134
165	0.975310519	0.011724212
170	0.974569224	0.011729353
175	0.973828381	0.011734557
180	0.973087993	0.011739825
185	0.972348064	0.011745153
190	0.971608599	0.011750543
195	0.970869602	0.011755994
200	0.970131078	0.011761505
205	0.96939303	0.011767075
210	0.968655462	0.011772705
215	0.96791838	0.011778392
220	0.967181788	0.011784138
225	0.96644569	0.011789942
230	0.965710089	0.011795803
235	0.964974992	0.011801721
240	0.964240402	0.011807695
245	0.963506324	0.011813726
250	0.962772763	0.011819812
255	0.962039722	0.011825954
260	0.961307206	0.011832151
265	0.960575221	0.011838403
270	0.95984377	0.01184471
275	0.959112858	0.011851071
280	0.95838249	0.011857486
285	0.957652671	0.011863955
290	0.956923404	0.011870479
295	0.956194696	0.011877055
300	0.955466551	0.011883685
305	0.954738973	0.011890368
310	0.954011967	0.011897104
315	0.953285538	0.011903893
320	0.952559692	0.011910734
325	0.951834432	0.011917628
330	0.951109764	0.011924574
335	0.950385692	0.011931573
340	0.949662222	0.011938623
345	0.948939359	0.011945725
350	0.948217107	0.01195288
355	0.947495472	0.011960086
360	0.946774458	0.011967343
365	0.946054072	0.011974652
370	0.945334317	0.011982013
375	0.944615198	0.011989425
380	0.943896722	0.011996888
385	0.943178894	0.012004402
390	0.942461717	0.012011967
395	0.941745199	0.012019584
400	0.941029343	0.012027251
405	0.940314156	0.01203497
410	0.939599642	0.012042739
415	0.938885807	0.012050559
420	0.938172656	0.01205843
425	0.937460195	0.012066351
430	0.936748428	0.012074324
435	0.936037363	0.012082347
440	0.935327003	0.01209042
445	0.934617355	0.012098545
450	0.933908423	0.01210672
455	0.933200214	0.012114945
460	0.932492733	0.012123221
465	0.931785986	0.012131548
470	0.931079978	0.012139925
475	0.930374715	0.012148353
480	0.929670203	0.012156832
485	0.928966447	0.012165361
490	0.928263453	0.01217394
495	0.927561227	0.01218257
500	0.926859774	0.012191251
505	0.926159101	0.012199982
510	0.925459213	0.012208764
515	0.924760117	0.012217596
520	0.924061817	0.012226479
525	0.92336432	0.012235413
530	0.922667632	0.012244398
535	0.921971759	0.012253433
540	0.921276707	0.012262518
545	0.920582482	0.012271655
550	0.91988909	0.012280842
555	0.919196536	0.012290081
560	0.918504828	0.01229937
565	0.917813972	0.012308709
570	0.917123972	0.0123181
575	0.916434837	0.012327542
580	0.915746571	0.012337035
585	0.915059181	0.012346579
590	0.914372674	0.012356173
595	0.913687055	0.012365819
600	0.913002332	0.012375517
605	0.912318509	0.012385265
610	0.911635595	0.012395065
615	0.910953595	0.012404916
620	0.910272515	0.012414818
625	0.909592363	0.012424772
630	0.908913143	0.012434777
635	0.908234864	0.012444834
640	0.907557532	0.012454942
645	0.906881153	0.012465102
650	0.906205734	0.012475314
655	0.905531281	0.012485577
660	0.904857801	0.012495893
665	0.9041853	0.01250626
670	0.903513787	0.012516679
675	0.902843266	0.01252715
680	0.902173745	0.012537673
685	0.901505231	0.012548249
690	0.90083773	0.012558876
695	0.90017125	0.012569556
700	0.899505797	0.012580288
705	0.898841378	0.012591073
710	0.898178	0.01260191
715	0.89751567	0.012612799
720	0.896854395	0.012623741
725	0.896194181	0.012634736
730	0.895535037	0.012645784
735	0.894876968	0.012656884
740	0.894219983	0.012668037
745	0.893564087	0.012679244
750	0.892909289	0.012690503
755	0.892255595	0.012701816
760	0.891603012	0.012713181
765	0.890951548	0.0127246
770	0.89030121	0.012736072
775	0.889652005	0.012747598
780	0.88900394	0.012759177
785	0.888357023	0.01277081
790	0.887711261	0.012782496
795	0.887066661	0.012794236
800	0.886423231	0.01280603
805	0.885780978	0.012817878
810	0.885139909	0.01282978
815	0.884500032	0.012841736
820	0.883861354	0.012853745
825	0.883223883	0.012865809
830	0.882587626	0.012877928
835	0.881952591	0.0128901
840	0.881318785	0.012902327
845	0.880686216	0.012914609
850	0.880054891	0.012926945
855	0.879424819	0.012939336
860	0.878796006	0.012951782
865	0.87816846	0.012964282
870	0.877542189	0.012976837
875	0.8769172	0.012989447
880	0.876293502	0.013002113
885	0.875671102	0.013014833
890	0.875050007	0.013027608
895	0.874430226	0.013040439
900	0.873811767	0.013053325
905	0.873194636	0.013066267
910	0.872578842	0.013079264
915	0.871964393	0.013092317
920	0.871351296	0.013105425
925	0.87073956	0.013118589
930	0.870129192	0.013131809
935	0.869520201	0.013145085
940	0.868912593	0.013158417
945	0.868306378	0.013171805
950	0.867701562	0.013185249
955	0.867098154	0.013198749
960	0.866496163	0.013212305
965	0.865895595	0.013225918
970	0.86529646	0.013239587
975	0.864698764	0.013253313
980	0.864102516	0.013267095
985	0.863507725	0.013280933
990	0.862914397	0.013294829
995	0.862322542	0.013308781
1000	0.861732167	0.01332279
1005	0.861143281	0.013336856
1010	0.860555891	0.013350979
1015	0.859970006	0.013365159
1020	0.859385634	0.013379396
1025	0.858802782	0.01339369
1030	0.85822146	0.013408042
1035	0.857641675	0.01342245
1040	0.857063436	0.013436916
1045	0.85648675	0.01345144
1050	0.855911626	0.013466021
1055	0.855338072	0.013480659
1060	0.854766096	0.013495356
1065	0.854195707	0.013510109
1070	0.853626913	0.013524921
1075	0.853059722	0.01353979
1080	0.852494142	0.013554717
1085	0.851930181	0.013569702
1090	0.851367848	0.013584745
1095	0.850807151	0.013599846
1100	0.850248098	0.013615006
1105	0.849690698	0.013630223
1110	0.849134959	0.013645498
1115	0.848580888	0.013660832
1120	0.848028495	0.013676223
1125	0.847477788	0.013691673
1130	0.846928774	0.013707182
1135	0.846381462	0.013722749
1140	0.845835861	0.013738374
1145	0.845291978	0.013754058
1150	0.844749823	0.0137698
1155	0.844209402	0.013785601
1160	0.843670725	0.01380146
1165	0.8431338	0.013817378
1170	0.842598635	0.013833355
1175	0.842065238	0.013849391
1180	0.841533617	0.013865485
1185	0.841003782	0.013881638
1190	0.840475739	0.01389785
1195	0.839949497	0.013914121
1200	0.839425065	0.01393045
1205	0.838902451	0.013946839
1210	0.838381663	0.013963286
1215	0.837862708	0.013979792
1220	0.837345596	0.013996358
1225	0.836830335	0.014012982
1230	0.836316932	0.014029665
1235	0.835805396	0.014046407
1240	0.835295735	0.014063209
1245	0.834787957	0.014080069
1250	0.83428207	0.014096989
1255	0.833778083	0.014113967
1260	0.833276003	0.014131005
1265	0.832775839	0.014148102
1270	0.832277598	0.014165258
1275	0.831781289	0.014182473
1280	0.83128692	0.014199747
1285	0.830794498	0.01421708
1290	0.830304032	0.014234473
1295	0.82981553	0.014251924
1300	0.829329	0.014269435
1305	0.828844449	0.014287005
1310	0.828361886	0.014304633
1315	0.827881318	0.014322321
1320	0.827402753	0.014340068
1325	0.826926199	0.014357875
1330	0.826451665	0.01437574
1335	0.825979157	0.014393664
1340	0.825508684	0.014411647
1345	0.825040253	0.014429689
1350	0.824573872	0.014447791
1355	0.824109549	0.014465951
1360	0.823647291	0.01448417
1365	0.823187107	0.014502448
1370	0.822729003	0.014520785
1375	0.822272987	0.014539181
1380	0.821819067	0.014557635
1385	0.82136725	0.014576149
1390	0.820917544	0.014594721
1395	0.820469957	0.014613351
1400	0.820024495	0.014632041
1405	0.819581166	0.014650789
1410	0.819139977	0.014669595
1415	0.818700937	0.01468846
1420	0.818264051	0.014707384
1425	0.817829327	0.014726366
1430	0.817396773	0.014745406
1435	0.816966396	0.014764505
1440	0.816538202	0.014783662
1445	0.816112199	0.014802877
1450	0.815688394	0.01482215
1455	0.815266794	0.014841481
1460	0.814847405	0.01486087
1465	0.814430235	0.014880318
1470	0.814015291	0.014899823
1475	0.813602579	0.014919385
1480	0.813192107	0.014939006
1485	0.81278388	0.014958684
1490	0.812377906	0.014978419
1495	0.811974191	0.014998212
1500	0.811572742	0.015018063
1505	0.811173566	0.01503797
1510	0.810776668	0.015057935
1515	0.810382055	0.015077957
1520	0.809989735	0.015098036
1525	0.809599712	0.015118172
1530	0.809211993	0.015138364
1535	0.808826585	0.015158614
1540	0.808443494	0.015178919
1545	0.808062726	0.015199282
1550	0.807684286	0.015219701
1555	0.807308182	0.015240176
1560	0.806934418	0.015260707
1565	0.806563001	0.015281294
1570	0.806193936	0.015301937
1575	0.80582723	0.015322636
1580	0.805462888	0.015343391
1585	0.805100916	0.015364201
1590	0.804741319	0.015385067
1595	0.804384103	0.015405988
1600	0.804029273	0.015426964
1605	0.803676835	0.015447995
1610	0.803326794	0.015469081
1615	0.802979156	0.015490222
1620	0.802633925	0.015511417
1625	0.802291107	0.015532667
1630	0.801950706	0.015553971
1635	0.801612729	0.01557533
1640	0.801277179	0.015596742
1645	0.800944062	0.015618208
1650	0.800613382	0.015639728
1655	0.800285145	0.015661302
1660	0.799959355	0.015682929
1665	0.799636016	0.015704609
1670	0.799315133	0.015726343
1675	0.798996711	0.015748129
1680	0.798680754	0.015769968
1685	0.798367266	0.015791859
1690	0.798056251	0.015813803
1695	0.797747714	0.0158358
1700	0.797441659	0.015857848
1705	0.79713809	0.015879948
1710	0.79683701	0.0159021
1715	0.796538425	0.015924303
1720	0.796242336	0.015946558
1725	0.795948749	0.015968864
1730	0.795657666	0.01599122
1735	0.795369092	0.016013628
1740	0.79508303	0.016036086
1745	0.794799483	0.016058594
1750	0.794518455	0.016081153
1755	0.794239949	0.016103761
1760	0.793963967	0.016126419
1765	0.793690514	0.016149127
1770	0.793419592	0.016171884
1775	0.793151205	0.01619469
1780	0.792885354	0.016217546
1785	0.792622043	0.01624045
1790	0.792361275	0.016263402
1795	0.792103052	0.016286403
1800	0.791847376	0.016309451
1805	0.79159425	0.016332548
1810	0.791343677	0.016355692
1815	0.791095659	0.016378883
1820	0.790850198	0.016402122
1825	0.790607296	0.016425408
1830	0.790366955	0.01644874
1835	0.790129177	0.016472119
1840	0.789893964	0.016495544
1845	0.789661318	0.016519015
1850	0.78943124	0.016542531
1855	0.789203732	0.016566093
1860	0.788978796	0.016589701
1865	0.788756433	0.016613353
1870	0.788536645	0.016637051
1875	0.788319432	0.016660793
1880	0.788104797	0.016684579
1885	0.787892739	0.016708409
1890	0.787683261	0.016732283
1895	0.787476362	0.0167562
1900	0.787272045	0.016780161
1905	0.787070309	0.016804165
1910	0.786871155	0.016828211
1915	0.786674585	0.0168523
1920	0.786480598	0.016876431
1925	0.786289195	0.016900605
1930	0.786100376	0.01692482
1935	0.785914141	0.016949076
1940	0.785730492	0.016973374
1945	0.785549427	0.016997712
1950	0.785370947	0.017022091
1955	0.785195052	0.017046511
1960	0.785021742	0.01707097
1965	0.784851015	0.01709547
1970	0.784682873	0.017120008
1975	0.784517315	0.017144587
1980	0.784354339	0.017169204
1985	0.784193946	0.01719386
1990	0.784036135	0.017218554
1995	0.783880905	0.017243287
2000	0.783728256	0.017268057
2005	0.783578185	0.017292865
2010	0.783430693	0.01731771
2015	0.783285779	0.017342593
2020	0.78314344	0.017367512
2025	0.783003677	0.017392467
2030	0.782866486	0.017417459
2035	0.782731869	0.017442487
2040	0.782599821	0.01746755
2045	0.782470343	0.017492648
2050	0.782343432	0.017517782
2055	0.782219087	0.01754295
2060	0.782097306	0.017568153
2065	0.781978087	0.017593389
2070	0.781861427	0.01761866
2075	0.781747326	0.017643964
2080	0.781635781	0.017669301
2085	0.781526789	0.017694672
2090	0.781420348	0.017720075
2095	0.781316457	0.01774551
2100	0.781215111	0.017770977
2105	0.78111631	0.017796477
2110	0.781020051	0.017822007
2115	0.78092633	0.017847569
2120	0.780835145	0.017873162
2125	0.780746493	0.017898785
2130	0.780660371	0.017924438
2135	0.780576777	0.017950122
2140	0.780495707	0.017975835
2145	0.780417158	0.018001577
2150	0.780341127	0.018027349
2155	0.78026761	0.018053149
2160	0.780196605	0.018078978
2165	0.780128108	0.018104835
2170	0.780062116	0.01813072
2175	0.779998624	0.018156632
2180	0.779937629	0.018182572
2185	0.779879128	0.018208538
2190	0.779823117	0.018234531
2195	0.779769593	0.018260551
2200	0.77971855	0.018286597
2205	0.779669985	0.018312668
2210	0.779623895	0.018338765
2215	0.779580274	0.018364887
2220	0.77953912	0.018391034
2225	0.779500427	0.018417205
2230	0.779464192	0.0184434
2235	0.77943041	0.01846962
2240	0.779399077	0.018495863
2245	0.779370188	0.018522129
2250	0.779343738	0.018548419
2255	0.779319724	0.018574731
2260	0.77929814	0.018601066
2265	0.779278982	0.018627423
2270	0.779262246	0.018653801
2275	0.779247925	0.018680201
2280	0.779236016	0.018706623
2285	0.779226513	0.018733065
2290	0.779219412	0.018759528
2295	0.779214706	0.018786011
2300	0.779212393	0.018812515
2305	0.779212465	0.018839038
2310	0.779214919	0.01886558
2315	0.779219748	0.018892142
2320	0.779226947	0.018918723
2325	0.779236512	0.018945322
2330	0.779248436	0.018971939
2335	0.779262714	0.018998575
2340	0.779279341	0.019025228
2345	0.779298311	0.019051899
2350	0.779319618	0.019078586
2355	0.779343258	0.019105291
2360	0.779369223	0.019132012
2365	0.779397509	0.019158749
2370	0.77942811	0.019185502
2375	0.779461019	0.019212271
2380	0.779496232	0.019239056
2385	0.779533741	0.019265855
2390	0.779573541	0.01929267
2395	0.779615627	0.019319498
2400	0.779659992	0.019346341
2405	0.779706629	0.019373199
2410	0.779755534	0.019400069
2415	0.779806699	0.019426954
2420	0.779860118	0.019453851
2425	0.779915786	0.019480761
2430	0.779973696	0.019507684
2435	0.780033842	0.019534619
2440	0.780096217	0.019561566
2445	0.780160815	0.019588525
2450	0.78022763	0.019615496
2455	0.780296655	0.019642478
2460	0.780367884	0.01966947
2465	0.78044131	0.019696474
2470	0.780516927	0.019723487
2475	0.780594728	0.019750511
2480	0.780674706	0.019777545
2485	0.780756855	0.019804589
2490	0.780841169	0.019831641
2495	0.780927641	0.019858703
2500	0.781016263	0.019885774
2505	0.78110703	0.019912854

		
		
		
		
		
		
		
		
		
		
		
		
		
		
		
		
		
		
		
		
		
		
		
		
		
		
		
		
		
		
		
		
		
		
		
		
		
		
		
		
		
		
		
		
		
		
		
		
		
		
		
		
		
		
		
		
		
		
		
		
		
		
		
		
		
		
		
		
		
		
		
		
		
		
		
		
		
		
		
		
		
		
		
		
		
		
		
		
		
		
		
		
		
		
		
		
		
		
		
		
		
		
		
		
		
		
		
		
		
		
		
		
		
		
		
		
		
		
		
		
		
		
		
		
		
		
		
		
		
		
		
		
		
		
		
		
		
		
		
		
		
		
		
		
		
		
		
		
		
		
		
		
		
		
		
		
		
		
		
		
		
		
		
		
		
		
		
		
		
		
		
		
		
		
		
		
		
		
		
		
		
		
		
		
		
		
		
		
		
		
		
		
		
		
		
		
		
		
		
		
		
		
		
		
		
		
		
		
		
		
		
		
		
		
		
		
		
		
		
		
		
		
		
		
		
		
		
		
		
		
		
		
		
		
		
		
		
		
		
		
		
		
		
		
		
		
		
		
		
		
		
		
		
		
		
		
		
		
		
		
		
		
		
		
		
		
		
		
		
		
		
		
		
		
		
		
		
		
		
		
		
		
		
		
		
		
		
		
		
		
		
		
		
		
		
		
		
		
		
		
		
		
		
		
		
		
		
		
		
		
		
		
		
		
		
		
		
		
		
		
		
		
		
		
		
		
		
		
		
		
		
		
		
		
		
		
		
		
		
		
		
		
		
		
		
		
		
		
		
		

