Time_hr	Pwf_psi	Delta_P_psi	Phase
0	4500	0	Drawdown
0.000277778	4498.312918	1.687081588	Drawdown
0.000555556	4497.621296	2.378703983	Drawdown
0.001388889	4496.261239	3.738760866	Drawdown
0.002777778	4494.747574	5.252425988	Drawdown
0.008333333	4491.049642	8.950357511	Drawdown
0.016666667	4487.538171	12.46182916	Drawdown
0.033333333	4482.750368	17.24963243	Drawdown
0.083333333	4473.812355	26.18764458	Drawdown
0.166666667	4464.527032	35.47296829	Drawdown
0.5	4444.256275	55.74372536	Drawdown
1	4427.513167	72.48683285	Drawdown
1.229493414	4421.909775	78.09022544	Drawdown
1.511654054	4416.028393	83.97160716	Drawdown
1.858568704	4409.874129	90.12587121	Drawdown
2	4407.625106	92.37489427	Drawdown
2.28509798	4403.454011	96.54598866	Drawdown
2.809512916	4396.77687	103.22313	Drawdown
3	4394.604604	105.3953961	Drawdown
3.454277626	4389.853163	110.146837	Drawdown
4	4384.794344	115.2056558	Drawdown
4.24701159	4382.694763	117.3052371	Drawdown
5	4376.88199	123.1180101	Drawdown
5.221672778	4375.314707	124.685293	Drawdown
6	4370.233854	129.7661458	Drawdown
6.420012289	4367.726925	132.2730746	Drawdown
7	4364.492228	135.5077721	Drawdown
7.893362825	4359.945957	140.0540425	Drawdown
8	4359.434238	140.5657625	Drawdown
9	4354.911148	145.088852	Drawdown
9.704837605	4351.98667	148.0133298	Drawdown
10	4350.81853	149.1814704	Drawdown
11	4347.080131	152.9198691	Drawdown
11.93203392	4343.863988	156.1360122	Drawdown
12	4343.638511	156.3614887	Drawdown
13	4340.449285	159.5507151	Drawdown
14	4337.477419	162.522581	Drawdown
14.67035711	4335.592645	164.4073554	Drawdown
15	4334.694764	165.3052363	Drawdown
16	4332.078349	167.9216506	Drawdown
17	4329.609182	170.3908176	Drawdown
18	4327.271373	172.7286272	Drawdown
18.03710745	4327.186968	172.8130319	Drawdown
19	4325.051489	174.9485106	Drawdown
20	4322.938075	177.0619248	Drawdown
21	4320.921277	179.0787234	Drawdown
22	4318.992556	181.0074438	Drawdown
22.17650481	4318.660697	181.3393031	Drawdown
23	4317.144467	182.8555327	Drawdown
24	4315.370475	184.6295248	Drawdown
25	4313.664813	186.3351869	Drawdown
26	4312.022366	187.9776338	Drawdown
27	4310.438576	189.5614238	Drawdown
27.2658666	4310.026841	189.9731587	Drawdown
28	4308.909364	191.0906364	Drawdown
29	4307.431062	192.5689378	Drawdown
30	4306.000365	193.9996348	Drawdown
31	4304.614279	195.3857207	Drawdown
32	4303.270087	196.7299134	Drawdown
33	4301.965311	198.0346889	Drawdown
33.5232034	4301.297589	198.702411	Drawdown
34	4300.697691	199.3023088	Drawdown
35	4299.465154	200.5348461	Drawdown
36	4298.265799	201.7342007	Drawdown
37	4297.097875	202.9021246	Drawdown
38	4295.959767	204.0402331	Drawdown
39	4294.84998	205.1500198	Drawdown
40	4293.767132	206.232868	Drawdown
41	4292.709938	207.2900619	Drawdown
41.21655779	4292.484256	207.515744	Drawdown
42	4291.677204	208.3227957	Drawdown
43	4290.667818	209.3321818	Drawdown
44	4289.680742	210.319258	Drawdown
45	4288.715006	211.2849943	Drawdown
46	4287.769702	212.2302985	Drawdown
47	4286.843978	213.1560216	Drawdown
48	4285.937038	214.0629622	Drawdown
49	4285.048129	214.9518711	Drawdown
50	4284.176545	215.8234547	Drawdown
50.67548634	4283.597269	216.402731	Drawdown
51	4283.321621	216.6783787	Drawdown
52	4282.482744	217.5172557	Drawdown
53	4281.659294	218.3407059	Drawdown
54	4280.850723	219.1492773	Drawdown
55	4280.0565	219.9435005	Drawdown
56	4279.276122	220.723878	Drawdown
57	4278.509113	221.4908865	Drawdown
58	4277.755022	222.2449783	Drawdown
59	4277.013417	222.9865831	Drawdown
60	4276.283891	223.7161095	Drawdown
61	4275.566054	224.4339464	Drawdown
62	4274.859536	225.140464	Drawdown
62.30517669	4274.646123	225.353877	Drawdown
63	4274.163984	225.8360155	Drawdown
64	4273.479062	226.5209375	Drawdown
65	4272.804448	227.1955515	Drawdown
66	4272.139835	227.8601645	Drawdown
67	4271.48493	228.51507	Drawdown
68	4270.839451	229.1605489	Drawdown
69	4270.20313	229.7968698	Drawdown
70	4269.575634	230.4243661	Drawdown
71	4268.956855	231.0431447	Drawdown
72	4268.346492	231.6535077	Drawdown
73	4267.744318	232.2556821	Drawdown
74	4267.150114	232.8498862	Drawdown
75	4266.563671	233.4363293	Drawdown
76	4265.984787	234.015213	Drawdown
76.60380438	4265.638833	234.3611669	Drawdown
77	4265.413269	234.5867308	Drawdown
78	4264.848931	235.1510691	Drawdown
79	4264.291593	235.7084072	Drawdown
80	4263.741082	236.2589179	Drawdown
81	4263.197232	236.8027677	Drawdown
82	4262.659883	237.3401169	Drawdown
83	4262.12888	237.8711203	Drawdown
84	4261.604073	238.3959272	Drawdown
85	4261.085318	238.9146817	Drawdown
86	4260.572477	239.427523	Drawdown
87	4260.065565	239.9344349	Drawdown
88	4259.564171	240.4358295	Drawdown
89	4259.068301	240.9316987	Drawdown
90	4258.577836	241.422164	Drawdown
91	4258.092657	241.9073426	Drawdown
92	4257.612652	242.3873481	Drawdown
93	4257.13771	242.8622903	Drawdown
94	4256.667724	243.3322759	Drawdown
94.18387295	4256.581838	243.4181622	Drawdown
95	4256.202592	243.7974078	Drawdown
96	4255.742214	244.257786	Drawdown
97	4255.286493	244.7135074	Drawdown
98	4254.835334	245.1646659	Drawdown
99	4254.388648	245.6113525	Drawdown
100	4253.946344	246.0536556	Drawdown
101	4253.508339	246.491661	Drawdown
102	4253.074548	246.925452	Drawdown
103	4252.644891	247.3551093	Drawdown
104	4252.219131	247.7808685	Drawdown
105	4251.797492	248.2025083	Drawdown
106	4251.379755	248.6202449	Drawdown
107	4250.96585	249.0341503	Drawdown
108	4250.555705	249.4442947	Drawdown
109	4250.149254	249.8507465	Drawdown
110	4249.746428	250.2535719	Drawdown
111	4249.347164	250.6528355	Drawdown
112	4248.9514	251.0486003	Drawdown
113	4248.559073	251.4409275	Drawdown
114	4248.170123	251.8298766	Drawdown
115	4247.784494	252.2155057	Drawdown
115.7984515	4247.478934	252.5210661	Drawdown
116	4247.402129	252.5978714	Drawdown
117	4247.022971	252.9770289	Drawdown
118	4246.646968	253.3530317	Drawdown
119	4246.274068	253.7259323	Drawdown
120	4245.904218	254.0957818	Drawdown
121	4245.53737	254.4626299	Drawdown
122	4245.173566	254.8264343	Drawdown
123	4244.812584	255.1874162	Drawdown
124	4244.454462	255.5455384	Drawdown
125	4244.099154	255.9008459	Drawdown
126	4243.746617	256.2533828	Drawdown
127	4243.396808	256.6031921	Drawdown
128	4243.049684	256.9503157	Drawdown
129	4242.705205	257.2947947	Drawdown
130	4242.363331	257.6366691	Drawdown
131	4242.024022	257.9759781	Drawdown
132	4241.68724	258.3127598	Drawdown
133	4241.352948	258.6470518	Drawdown
134	4241.02111	258.9788904	Drawdown
135	4240.691689	259.3083115	Drawdown
136	4240.36465	259.6353499	Drawdown
137	4240.03996	259.9600399	Drawdown
138	4239.717585	260.2824149	Drawdown
139	4239.397473	260.6025268	Drawdown
140	4239.079629	260.9203706	Drawdown
141	4238.764005	261.2359955	Drawdown
142	4238.450568	261.5494321	Drawdown
142.3734334	4238.334075	261.6659248	Drawdown
143	4238.139289	261.8607105	Drawdown
144	4237.83014	262.1698601	Drawdown
145	4237.52309	262.4769096	Drawdown
146	4237.218113	262.7818873	Drawdown
147	4236.915179	263.0848207	Drawdown
148	4236.614263	263.3857369	Drawdown
149	4236.315338	263.6846624	Drawdown
150	4236.018377	263.9816231	Drawdown
151	4235.723355	264.2766447	Drawdown
152	4235.430248	264.5697519	Drawdown
153	4235.139031	264.8609693	Drawdown
154	4234.849679	265.1503209	Drawdown
155	4234.56217	265.4378302	Drawdown
156	4234.27648	265.7235203	Drawdown
157	4233.992586	266.0074138	Drawdown
158	4233.710467	266.2895329	Drawdown
159	4233.430101	266.5698995	Drawdown
160	4233.151465	266.8485349	Drawdown
161	4232.87454	267.1254601	Drawdown
162	4232.599304	267.4006957	Drawdown
163	4232.325738	267.6742619	Drawdown
164	4232.053821	267.9461786	Drawdown
165	4231.783535	268.2164654	Drawdown
166	4231.514859	268.4851412	Drawdown
167	4231.247775	268.752225	Drawdown
168	4230.982265	269.0177353	Drawdown
169	4230.71831	269.2816901	Drawdown
170	4230.455893	269.5441073	Drawdown
171	4230.194996	269.8050044	Drawdown
172	4229.935601	270.0643987	Drawdown
173	4229.677693	270.322307	Drawdown
174	4229.421254	270.5787461	Drawdown
175	4229.166268	270.8337323	Drawdown
175.0471986	4229.154268	270.8457316	Drawdown
176	4228.912718	271.0872815	Drawdown
177	4228.66059	271.3394098	Drawdown
178	4228.409867	271.5901325	Drawdown
179	4228.160535	271.8394651	Drawdown
180	4227.912577	272.0874225	Drawdown
181	4227.66598	272.3340196	Drawdown
182	4227.420729	272.5792708	Drawdown
183	4227.176809	272.8231906	Drawdown
184	4226.934207	273.065793	Drawdown
185	4226.692908	273.307092	Drawdown
186	4226.452899	273.547101	Drawdown
187	4226.214166	273.7858337	Drawdown
188	4225.976697	274.0233032	Drawdown
189	4225.740477	274.2595225	Drawdown
190	4225.505495	274.4945046	Drawdown
191	4225.271738	274.7282619	Drawdown
192	4225.039193	274.960807	Drawdown
193	4224.807848	275.192152	Drawdown
194	4224.577691	275.4223092	Drawdown
195	4224.34871	275.6512903	Drawdown
196	4224.120893	275.879107	Drawdown
197	4223.894229	276.105771	Drawdown
198	4223.668707	276.3312935	Drawdown
199	4223.444314	276.5556858	Drawdown
200	4223.221041	276.7789589	Drawdown
201	4222.998876	277.0011237	Drawdown
202	4222.777809	277.2221909	Drawdown
203	4222.557829	277.4421711	Drawdown
204	4222.338925	277.6610748	Drawdown
205	4222.121088	277.8789122	Drawdown
206	4221.904307	278.0956934	Drawdown
207	4221.688572	278.3114284	Drawdown
208	4221.473873	278.5261272	Drawdown
209	4221.260201	278.7397994	Drawdown
210	4221.047545	278.9524546	Drawdown
211	4220.835898	279.1641023	Drawdown
212	4220.625248	279.3747517	Drawdown
213	4220.415588	279.5844123	Drawdown
214	4220.206907	279.7930929	Drawdown
215	4219.999197	280.0008025	Drawdown
215.2193778	4219.95376	280.0462404	Drawdown
216	4219.79245	280.2075501	Drawdown
217	4219.586656	280.4133444	Drawdown
218	4219.381806	280.6181939	Drawdown
219	4219.177893	280.8221072	Drawdown
220	4218.974907	281.0250926	Drawdown
221	4218.772841	281.2271586	Drawdown
222	4218.571687	281.4283131	Drawdown
223	4218.371436	281.6285644	Drawdown
224	4218.17208	281.8279205	Drawdown
225	4217.973611	282.0263891	Drawdown
226	4217.776022	282.223978	Drawdown
227	4217.579305	282.4206951	Drawdown
228	4217.383452	282.6165478	Drawdown
229	4217.188456	282.8115436	Drawdown
230	4216.99431	283.00569	Drawdown
231	4216.801006	283.1989942	Drawdown
232	4216.608536	283.3914635	Drawdown
233	4216.416895	283.5831051	Drawdown
234	4216.226074	283.773926	Drawdown
235	4216.036067	283.9639331	Drawdown
236	4215.846867	284.1531335	Drawdown
237	4215.658466	284.3415337	Drawdown
238	4215.470859	284.5291407	Drawdown
239	4215.284039	284.715961	Drawdown
240	4215.097999	284.9020013	Drawdown
241	4214.912732	285.087268	Drawdown
242	4214.728232	285.2717676	Drawdown
243	4214.544494	285.4555063	Drawdown
244	4214.361509	285.6384906	Drawdown
245	4214.179273	285.8207265	Drawdown
246	4213.99778	286.0022203	Drawdown
247	4213.817022	286.182978	Drawdown
248	4213.636994	286.3630056	Drawdown
249	4213.457691	286.5423091	Drawdown
250	4213.279106	286.7208943	Drawdown
251	4213.101233	286.898767	Drawdown
252	4212.924067	287.075933	Drawdown
253	4212.747602	287.2523979	Drawdown
254	4212.571833	287.4281675	Drawdown
255	4212.396753	287.6032472	Drawdown
256	4212.222358	287.7776425	Drawdown
257	4212.048641	287.9513589	Drawdown
258	4211.875598	288.1244018	Drawdown
259	4211.703224	288.2967765	Drawdown
260	4211.531512	288.4684882	Drawdown
261	4211.360458	288.6395423	Drawdown
262	4211.190056	288.8099438	Drawdown
263	4211.020302	288.9796979	Drawdown
264	4210.85119	289.1488095	Drawdown
264.6108075	4210.74821	289.2517904	Drawdown
265	4210.682716	289.3172838	Drawdown
266	4210.514874	289.4851257	Drawdown
267	4210.34766	289.6523401	Drawdown
268	4210.181068	289.8189318	Drawdown
269	4210.015094	289.9849056	Drawdown
270	4209.849734	290.1502664	Drawdown
271	4209.684981	290.3150187	Drawdown
272	4209.520833	290.4791673	Drawdown
273	4209.357283	290.6427168	Drawdown
274	4209.194328	290.8056718	Drawdown
275	4209.031963	290.9680367	Drawdown
276	4208.870184	291.129816	Drawdown
277	4208.708986	291.2910143	Drawdown
278	4208.548364	291.4516358	Drawdown
279	4208.388315	291.611685	Drawdown
280	4208.228834	291.7711661	Drawdown
281	4208.069917	291.9300834	Drawdown
282	4207.911559	292.0884412	Drawdown
283	4207.753756	292.2462436	Drawdown
284	4207.596505	292.4034948	Drawdown
285	4207.439801	292.5601988	Drawdown
286	4207.28364	292.7163598	Drawdown
287	4207.128018	292.8719817	Drawdown
288	4206.972931	293.0270686	Drawdown
289	4206.818376	293.1816245	Drawdown
290	4206.664347	293.3356531	Drawdown
291	4206.510841	293.4891585	Drawdown
292	4206.357856	293.6421445	Drawdown
293	4206.205385	293.7946148	Drawdown
294	4206.053427	293.9465733	Drawdown
295	4205.901976	294.0980236	Drawdown
296	4205.75103	294.2489696	Drawdown
297	4205.600585	294.3994149	Drawdown
298	4205.450637	294.549363	Drawdown
299	4205.301182	294.6988177	Drawdown
300	4205.152218	294.8477824	Drawdown
301	4205.003739	294.9962608	Drawdown
302	4204.855744	295.1442563	Drawdown
303	4204.708228	295.2917725	Drawdown
304	4204.561187	295.4388127	Drawdown
305	4204.41462	295.5853804	Drawdown
306	4204.268521	295.731479	Drawdown
307	4204.122888	295.8771119	Drawdown
308	4203.977718	296.0222823	Drawdown
309	4203.833006	296.1669935	Drawdown
310	4203.688751	296.311249	Drawdown
311	4203.544948	296.4550517	Drawdown
312	4203.401595	296.5984051	Drawdown
313	4203.258688	296.7413123	Drawdown
314	4203.116224	296.8837764	Drawdown
315	4202.974199	297.0258005	Drawdown
316	4202.832612	297.1673879	Drawdown
317	4202.691459	297.3085414	Drawdown
318	4202.550736	297.4492643	Drawdown
319	4202.41044	297.5895596	Drawdown
320	4202.27057	297.7294301	Drawdown
321	4202.131121	297.868879	Drawdown
322	4201.992091	298.0079092	Drawdown
323	4201.853477	298.1465235	Drawdown
324	4201.715275	298.2847249	Drawdown
325	4201.577484	298.4225163	Drawdown
325.337245	4201.531106	298.4688938	Drawdown
326	4201.4401	298.5599005	Drawdown
327	4201.30312	298.6968803	Drawdown
328	4201.166541	298.8334586	Drawdown
329	4201.030362	298.9696382	Drawdown
330	4200.894578	299.1054217	Drawdown
331	4200.759188	299.240812	Drawdown
332	4200.624188	299.3758117	Drawdown
333	4200.489576	299.5104235	Drawdown
334	4200.35535	299.6446502	Drawdown
335	4200.221506	299.7784943	Drawdown
336	4200.088041	299.9119585	Drawdown
337	4199.954955	300.0450454	Drawdown
338	4199.822242	300.1777576	Drawdown
339	4199.689902	300.3100976	Drawdown
340	4199.557932	300.442068	Drawdown
341	4199.426329	300.5736713	Drawdown
342	4199.29509	300.7049101	Drawdown
343	4199.164213	300.8357867	Drawdown
344	4199.033696	300.9663037	Drawdown
345	4198.903537	301.0964634	Drawdown
346	4198.773732	301.2262684	Drawdown
347	4198.644279	301.3557211	Drawdown
348	4198.515176	301.4848237	Drawdown
349	4198.386421	301.6135787	Drawdown
350	4198.258012	301.7419885	Drawdown
351	4198.129945	301.8700553	Drawdown
352	4198.002219	301.9977815	Drawdown
353	4197.874831	302.1251693	Drawdown
354	4197.747779	302.2522211	Drawdown
355	4197.621061	302.378939	Drawdown
356	4197.494675	302.5053255	Drawdown
357	4197.368617	302.6313825	Drawdown
358	4197.242888	302.7571125	Drawdown
359	4197.117483	302.8825175	Drawdown
360	4196.9924	303.0075997	Drawdown
361	4196.867639	303.1323613	Drawdown
362	4196.743196	303.2568044	Drawdown
363	4196.619069	303.3809312	Drawdown
364	4196.495256	303.5047437	Drawdown
365	4196.371756	303.628244	Drawdown
366	4196.248566	303.7514342	Drawdown
367	4196.125684	303.8743165	Drawdown
368	4196.003107	303.9968927	Drawdown
369	4195.880835	304.119165	Drawdown
370	4195.758865	304.2411353	Drawdown
371	4195.637194	304.3628056	Drawdown
372	4195.515822	304.484178	Drawdown
373	4195.394746	304.6052544	Drawdown
374	4195.273963	304.7260367	Drawdown
375	4195.153473	304.8465269	Drawdown
376	4195.033273	304.9667269	Drawdown
377	4194.913361	305.0866386	Drawdown
378	4194.793736	305.2062639	Drawdown
379	4194.674395	305.3256047	Drawdown
380	4194.555337	305.4446628	Drawdown
381	4194.43656	305.5634402	Drawdown
382	4194.318061	305.6819385	Drawdown
383	4194.19984	305.8001598	Drawdown
384	4194.081894	305.9181057	Drawdown
385	4193.964222	306.035778	Drawdown
386	4193.846821	306.1531787	Drawdown
387	4193.729691	306.2703093	Drawdown
388	4193.612828	306.3871718	Drawdown
389	4193.496232	306.5037677	Drawdown
390	4193.379901	306.6200989	Drawdown
391	4193.263833	306.7361671	Drawdown
392	4193.148026	306.851974	Drawdown
393	4193.032479	306.9675212	Drawdown
394	4192.917189	307.0828106	Drawdown
395	4192.802156	307.1978436	Drawdown
396	4192.687378	307.312622	Drawdown
397	4192.572852	307.4271475	Drawdown
398	4192.458578	307.5414217	Drawdown
399	4192.344554	307.6554461	Drawdown
400	4192.230778	307.7692224	Drawdown
400.0002778	4193.917828	306.0821724	Buildup
400.0005556	4194.609418	305.3905816	Buildup
400.0013889	4195.969381	304.0306194	Buildup
400.0027778	4197.482888	302.5171121	Buildup
400.0083333	4201.180188	298.819812	Buildup
400.0166667	4204.690713	295.3092874	Buildup
400.0333333	4209.476622	290.5233783	Buildup
400.0833333	4218.408952	281.591048	Buildup
400.1666667	4227.684807	272.3151928	Buildup
400.5	4247.917707	252.0822927	Buildup
401	4264.604081	235.3959194	Buildup
401.268961	4271.058534	228.941466	Buildup
401.610262	4277.873389	222.1266114	Buildup
402	4284.378857	215.6211429	Buildup
402.0433597	4285.037952	214.9620482	Buildup
402.5929438	4292.537617	207.4623827	Buildup
403	4297.286317	202.7136826	Buildup
403.2903446	4300.354003	199.6459967	Buildup
404	4306.983777	193.0162227	Buildup
404.1753189	4308.465163	191.5348373	Buildup
405	4314.783572	185.2164279	Buildup
405.2983169	4316.845838	183.1541617	Buildup
406	4321.319387	178.6806131	Buildup
406.7233575	4325.467723	174.5322769	Buildup
407	4326.948929	173.0510705	Buildup
408	4331.895072	168.1049283	Buildup
408.5316785	4334.299686	165.7003138	Buildup
409	4336.306547	163.6934527	Buildup
410	4340.287784	159.7122157	Buildup
410.8263673	4343.307919	156.6920815	Buildup
411	4343.915033	156.0849672	Buildup
412	4347.245732	152.7542682	Buildup
413	4350.324266	149.6757341	Buildup
413.738238	4352.455961	147.5440388	Buildup
414	4353.185666	146.8143338	Buildup
415	4355.858081	144.1419188	Buildup
416	4358.364479	141.635521	Buildup
417	4360.723852	139.2761481	Buildup
417.4332882	4361.704583	138.2954174	Buildup
418	4362.952088	137.0479115	Buildup
419	4365.062618	134.9373815	Buildup
420	4367.066897	132.9331025	Buildup
421	4368.974778	131.0252223	Buildup
422	4370.794795	129.2052047	Buildup
422.1221629	4371.011483	128.9885172	Buildup
423	4372.534395	127.4656047	Buildup
424	4374.200111	125.7998887	Buildup
425	4375.797709	124.2022913	Buildup
426	4377.332301	122.667699	Buildup
427	4378.808445	121.1915549	Buildup
428	4380.230219	119.7697808	Buildup
428.072162	4380.330814	119.6691857	Buildup
429	4381.601288	118.3987118	Buildup
430	4382.924958	117.0750424	Buildup
431	4384.204219	115.7957808	Buildup
432	4385.44179	114.5582099	Buildup
433	4386.640145	113.3598554	Buildup
434	4387.801543	112.1984567	Buildup
435	4388.928058	111.0719423	Buildup
435.6224789	4389.612518	110.3874823	Buildup
436	4390.021587	109.9784134	Buildup
437	4391.083881	108.9161192	Buildup
438	4392.116554	107.8834457	Buildup
439	4393.121099	106.8789006	Buildup
440	4394.098898	105.9011016	Buildup
441	4395.051234	104.9487659	Buildup
442	4395.9793	104.0207003	Buildup
443	4396.884206	103.1157939	Buildup
444	4397.76699	102.2330098	Buildup
445	4398.628621	101.3713793	Buildup
445.2035366	4398.801486	101.1985143	Buildup
446	4399.470004	100.5299957	Buildup
447	4400.291991	99.70800918	Buildup
448	4401.095378	98.90462223	Buildup
449	4401.880915	98.11908529	Buildup
450	4402.649307	97.35069304	Buildup
451	4403.401219	96.59878098	Buildup
452	4404.137262	95.86273751	Buildup
453	4404.858056	95.14194367	Buildup
454	4405.564148	94.43585241	Buildup
455	4406.256066	93.74393432	Buildup
456	4406.934312	93.06568789	Buildup
457	4407.599362	92.40063765	Buildup
457.3615251	4407.836635	92.16336489	Buildup
458	4408.251668	91.7483323	Buildup
459	4408.891657	91.1083432	Buildup
460	4409.519737	90.48026278	Buildup
461	4410.136297	89.86370325	Buildup
462	4410.741705	89.25829531	Buildup
463	4411.336313	88.663687	Buildup
464	4411.920457	88.07954263	Buildup
465	4412.494458	87.50554179	Buildup
466	4413.058622	86.94137843	Buildup
467	4413.61324	86.38676005	Buildup
468	4414.158593	85.84140687	Buildup
469	4414.694949	85.30505114	Buildup
470	4415.22264	84.77736045	Buildup
471	4415.741771	84.25822899	Buildup
472	4416.252644	83.74735564	Buildup
472.7895384	4416.650313	83.34968657	Buildup
473	4416.755486	83.2445142	Buildup
474	4417.250512	82.74948755	Buildup
475	4417.737933	82.26206712	Buildup
476	4418.217948	81.78205248	Buildup
477	4418.690749	81.30925092	Buildup
478	4419.156523	80.84347705	Buildup
479	4419.615448	80.38455243	Buildup
480	4420.067695	79.93230526	Buildup
481	4420.51343	79.48656999	Buildup
482	4420.952813	79.04718711	Buildup
483	4421.385997	78.61400277	Buildup
484	4421.813131	78.18686858	Buildup
485	4422.234359	77.76564133	Buildup
486	4422.649817	77.35018274	Buildup
487	4423.05949	76.9405099	Buildup
488	4423.463788	76.53621153	Buildup
489	4423.862703	76.13729655	Buildup
490	4424.256355	75.74364451	Buildup
491	4424.644861	75.35513893	Buildup
492	4425.028333	74.9716671	Buildup
492.3670857	4425.167859	74.83214143	Buildup
493	4425.40688	74.59311995	Buildup
494	4425.780608	74.21939187	Buildup
495	4426.149619	73.85038057	Buildup
496	4426.514013	73.48598697	Buildup
497	4426.873885	73.12611503	Buildup
498	4427.229328	72.77067166	Buildup
499	4427.580433	72.4195666	Buildup
500	4427.927288	72.07271228	Buildup
501	4428.269976	71.73002374	Buildup
502	4428.608581	71.39141855	Buildup
503	4428.943183	71.05681666	Buildup
504	4429.274017	70.72598325	Buildup
505	4429.600859	70.39914053	Buildup
506	4429.923927	70.0760731	Buildup
507	4430.24329	69.75670957	Buildup
508	4430.559019	69.44098055	Buildup
509	4430.871181	69.12881856	Buildup
510	4431.179842	68.82015798	Buildup
511	4431.485065	68.51493496	Buildup
512	4431.786913	68.21308737	Buildup
513	4432.085445	67.91455475	Buildup
514	4432.380722	67.61927821	Buildup
515	4432.6728	67.32720044	Buildup
516	4432.961734	67.03826559	Buildup
517	4433.247581	66.75241929	Buildup
517.2102298	4433.307286	66.6927138	Buildup
518	4433.530391	66.46960852	Buildup
519	4433.810218	66.18978164	Buildup
520	4434.087112	65.91288829	Buildup
521	4434.361121	65.63887939	Buildup
522	4434.632202	65.36779799	Buildup
523	4434.900576	65.09942357	Buildup
524	4435.166206	64.83379408	Buildup
525	4435.429135	64.57086508	Buildup
526	4435.689407	64.31059324	Buildup
527	4435.947064	64.05293624	Buildup
528	4436.202147	63.79785278	Buildup
529	4436.454697	63.54530252	Buildup
530	4436.704754	63.29524609	Buildup
531	4436.952355	63.04764501	Buildup
532	4437.197538	62.80246168	Buildup
533	4437.440341	62.55965939	Buildup
534	4437.680798	62.31920223	Buildup
535	4437.918945	62.08105514	Buildup
536	4438.154816	61.8451838	Buildup
537	4438.388445	61.61155469	Buildup
538	4438.619865	61.38013501	Buildup
539	4438.849127	61.15087342	Buildup
540	4439.076224	60.92377559	Buildup
541	4439.301207	60.69879293	Buildup
542	4439.524105	60.47589541	Buildup
543	4439.744946	60.25505363	Buildup
544	4439.963761	60.0362388	Buildup
545	4440.180577	59.81942274	Buildup
546	4440.395422	59.60457786	Buildup
547	4440.608323	59.39167716	Buildup
548	4440.819306	59.18069415	Buildup
548.7352107	4440.973215	59.02678535	Buildup
549	4441.028397	58.97160294	Buildup
550	4441.235622	58.76437812	Buildup
551	4441.441005	58.5589948	Buildup
552	4441.644571	58.35542862	Buildup
553	4441.846344	58.15365567	Buildup
554	4442.046347	57.95365252	Buildup
555	4442.244604	57.75539622	Buildup
556	4442.441136	57.55886424	Buildup
557	4442.635965	57.36403451	Buildup
558	4442.829115	57.17088537	Buildup
559	4443.020604	56.97939557	Buildup
560	4443.210456	56.78954429	Buildup
561	4443.398689	56.60131107	Buildup
562	4443.585324	56.41467587	Buildup
563	4443.770381	56.22961898	Buildup
564	4443.953879	56.04612109	Buildup
565	4444.135837	55.86416322	Buildup
566	4444.316273	55.68372677	Buildup
567	4444.495207	55.50479345	Buildup
568	4444.672655	55.3273453	Buildup
569	4444.848635	55.15136469	Buildup
570	4445.023166	54.97683431	Buildup
571	4445.196263	54.80373714	Buildup
572	4445.367944	54.63205648	Buildup
573	4445.538224	54.4617759	Buildup
574	4445.707121	54.29287927	Buildup
575	4445.874649	54.12535073	Buildup
576	4446.040825	53.9591747	Buildup
577	4446.205664	53.79433586	Buildup
578	4446.369181	53.63081914	Buildup
579	4446.53139	53.46860975	Buildup
580	4446.692307	53.30769312	Buildup
581	4446.851945	53.14805493	Buildup
582	4447.010319	52.9896811	Buildup
583	4447.167442	52.83255779	Buildup
584	4447.323329	52.67667136	Buildup
585	4447.477992	52.52200842	Buildup
586	4447.631444	52.36855577	Buildup
587	4447.7837	52.21630044	Buildup
588	4447.93477	52.06522966	Buildup
588.7391822	4448.045685	51.95431485	Buildup
589	4448.084669	51.91533086	Buildup
590	4448.233408	51.76659166	Buildup
591	4448.381	51.6189999	Buildup
592	4448.527456	51.47254357	Buildup
593	4448.672789	51.32721088	Buildup
594	4448.81701	51.1829902	Buildup
595	4448.96013	51.03987009	Buildup
596	4449.102161	50.89783927	Buildup
597	4449.243113	50.75688664	Buildup
598	4449.382999	50.61700126	Buildup
599	4449.521828	50.47817235	Buildup
600	4449.659611	50.34038931	Buildup
601	4449.796358	50.20364168	Buildup
602	4449.932081	50.06791914	Buildup
603	4450.066788	49.93321154	Buildup
604	4450.200491	49.79950887	Buildup
605	4450.333199	49.66680126	Buildup
606	4450.464921	49.535079	Buildup
607	4450.595668	49.40433249	Buildup
608	4450.725448	49.27455227	Buildup
609	4450.854271	49.14572904	Buildup
610	4450.982146	49.0178536	Buildup
611	4451.109083	48.89091688	Buildup
612	4451.23509	48.76490996	Buildup
613	4451.360176	48.63982402	Buildup
614	4451.48435	48.51565035	Buildup
615	4451.60762	48.3923804	Buildup
616	4451.729994	48.27000568	Buildup
617	4451.851482	48.14851787	Buildup
618	4451.972091	48.02790871	Buildup
619	4452.09183	47.90817009	Buildup
620	4452.210706	47.78929398	Buildup
621	4452.328728	47.67127246	Buildup
622	4452.445902	47.55409774	Buildup
623	4452.562238	47.43776208	Buildup
624	4452.677742	47.32225789	Buildup
625	4452.792422	47.20757765	Buildup
626	4452.906286	47.09371394	Buildup
627	4453.019341	46.98065944	Buildup
628	4453.131593	46.86840691	Buildup
629	4453.243051	46.75694922	Buildup
630	4453.353721	46.64627931	Buildup
631	4453.46361	46.53639022	Buildup
632	4453.572725	46.42727507	Buildup
633	4453.681073	46.31892707	Buildup
634	4453.788661	46.2113395	Buildup
635	4453.895494	46.10450574	Buildup
636	4454.001581	45.99841924	Buildup
637	4454.106926	45.89307353	Buildup
638	4454.211538	45.78846221	Buildup
639	4454.315421	45.68457897	Buildup
639.502662	4454.367366	45.63263382	Buildup
640	4454.418582	45.58141757	Buildup
641	4454.521028	45.47897184	Buildup
642	4454.622764	45.37723568	Buildup
643	4454.723797	45.27620307	Buildup
644	4454.824132	45.17586805	Buildup
645	4454.923775	45.07622474	Buildup
646	4455.022733	44.97726732	Buildup
647	4455.12101	44.87899003	Buildup
648	4455.218613	44.7813872	Buildup
649	4455.315547	44.6844532	Buildup
650	4455.411818	44.58818247	Buildup
651	4455.50743	44.49256951	Buildup
652	4455.602391	44.3976089	Buildup
653	4455.696705	44.30329525	Buildup
654	4455.790377	44.20962325	Buildup
655	4455.883412	44.11658766	Buildup
656	4455.975817	44.02418325	Buildup
657	4456.067595	43.93240491	Buildup
658	4456.158752	43.84124753	Buildup
659	4456.249294	43.75070609	Buildup
660	4456.339224	43.66077562	Buildup
661	4456.428549	43.57145118	Buildup
662	4456.517272	43.48272791	Buildup
663	4456.605399	43.39460099	Buildup
664	4456.692934	43.30706566	Buildup
665	4456.779883	43.22011718	Buildup
666	4456.866249	43.1337509	Buildup
667	4456.952038	43.04796219	Buildup
668	4457.037254	42.96274649	Buildup
669	4457.121901	42.87809927	Buildup
670	4457.205984	42.79401604	Buildup
671	4457.289508	42.71049239	Buildup
672	4457.372476	42.62752392	Buildup
673	4457.454894	42.54510629	Buildup
674	4457.536765	42.4632352	Buildup
675	4457.618094	42.38190641	Buildup
676	4457.698884	42.30111568	Buildup
677	4457.779141	42.22085887	Buildup
678	4457.858868	42.14113184	Buildup
679	4457.93807	42.0619305	Buildup
680	4458.016749	41.9832508	Buildup
681	4458.094911	41.90508875	Buildup
682	4458.17256	41.82744037	Buildup
683	4458.249698	41.75030174	Buildup
684	4458.326331	41.67366896	Buildup
685	4458.402462	41.59753818	Buildup
686	4458.478094	41.52190559	Buildup
687	4458.553233	41.4467674	Buildup
688	4458.62788	41.37211989	Buildup
689	4458.702041	41.29795934	Buildup
690	4458.775718	41.22428207	Buildup
691	4458.848916	41.15108446	Buildup
692	4458.921637	41.07836291	Buildup
693	4458.993886	41.00611383	Buildup
694	4459.065666	40.93433371	Buildup
695	4459.136981	40.86301904	Buildup
696	4459.207834	40.79216635	Buildup
697	4459.278228	40.72177221	Buildup
698	4459.348167	40.65183321	Buildup
699	4459.417654	40.58234597	Buildup
700	4459.486693	40.51330717	Buildup
701	4459.555287	40.44471348	Buildup
702	4459.623438	40.37656162	Buildup
703	4459.691152	40.30884835	Buildup
703.9195382	4459.753032	40.24696771	Buildup
704	4459.75843	40.24157044	Buildup
705	4459.825275	40.1747247	Buildup
706	4459.891692	40.10830797	Buildup
707	4459.957683	40.04231711	Buildup
708	4460.023251	39.97674902	Buildup
709	4460.088399	39.91160061	Buildup
710	4460.153131	39.84686884	Buildup
711	4460.217449	39.78255067	Buildup
712	4460.281357	39.71864313	Buildup
713	4460.344857	39.65514322	Buildup
714	4460.407952	39.59204801	Buildup
715	4460.470645	39.52935458	Buildup
716	4460.53294	39.46706003	Buildup
717	4460.594839	39.4051615	Buildup
718	4460.656344	39.34365614	Buildup
719	4460.717459	39.28254114	Buildup
720	4460.778186	39.22181369	Buildup
721	4460.838529	39.16147104	Buildup
722	4460.89849	39.10151042	Buildup
723	4460.958071	39.04192913	Buildup
724	4461.017276	38.98272446	Buildup
725	4461.076106	38.92389374	Buildup
726	4461.134566	38.86543431	Buildup
727	4461.192656	38.80734354	Buildup
728	4461.250381	38.74961882	Buildup
729	4461.307742	38.69225757	Buildup
730	4461.364743	38.63525721	Buildup
731	4461.421385	38.57861522	Buildup
732	4461.477671	38.52232906	Buildup
733	4461.533604	38.46639623	Buildup
734	4461.589186	38.41081426	Buildup
735	4461.644419	38.35558068	Buildup
736	4461.699307	38.30069306	Buildup
737	4461.753851	38.24614898	Buildup
738	4461.808054	38.19194604	Buildup
739	4461.861918	38.13808185	Buildup
740	4461.915446	38.08455407	Buildup
741	4461.96864	38.03136034	Buildup
742	4462.021502	37.97849836	Buildup
743	4462.074034	37.92596581	Buildup
744	4462.12624	37.87376041	Buildup
745	4462.17812	37.82187991	Buildup
746	4462.229678	37.77032205	Buildup
747	4462.280915	37.7190846	Buildup
748	4462.331835	37.66816535	Buildup
749	4462.382438	37.61756212	Buildup
750	4462.432727	37.56727273	Buildup
751	4462.482705	37.51729501	Buildup
752	4462.532373	37.46762684	Buildup
753	4462.581734	37.41826608	Buildup
754	4462.630789	37.36921064	Buildup
755	4462.679542	37.32045841	Buildup
756	4462.727993	37.27200734	Buildup
757	4462.776145	37.22385536	Buildup
758	4462.824	37.17600043	Buildup
759	4462.871559	37.12844053	Buildup
760	4462.918826	37.08117365	Buildup
761	4462.965802	37.0341978	Buildup
762	4463.012489	36.987511	Buildup
763	4463.058889	36.9411113	Buildup
764	4463.105003	36.89499674	Buildup
765	4463.150835	36.84916539	Buildup
766	4463.196385	36.80361535	Buildup
767	4463.241655	36.7583447	Buildup
768	4463.286648	36.71335157	Buildup
769	4463.331366	36.66863408	Buildup
770	4463.37581	36.62419037	Buildup
771	4463.419981	36.5800186	Buildup
772	4463.463883	36.53611695	Buildup
773	4463.507516	36.4924836	Buildup
774	4463.550883	36.44911675	Buildup
775	4463.593985	36.40601461	Buildup
776	4463.636825	36.36317541	Buildup
777	4463.679403	36.32059739	Buildup
778	4463.721721	36.27827881	Buildup
779	4463.763782	36.23621793	Buildup
780	4463.805587	36.19441303	Buildup
781	4463.847138	36.1528624	Buildup
782	4463.888436	36.11156436	Buildup
783	4463.929483	36.07051722	Buildup
784	4463.970281	36.02971931	Buildup
785	4464.010831	35.98916898	Buildup
785.6620421	4464.037542	35.96245836	Buildup
786	4464.051135	35.94886459	Buildup
787	4464.091196	35.9088045	Buildup
788	4464.131013	35.86898709	Buildup
789	4464.170589	35.82941077	Buildup
790	4464.209926	35.79007393	Buildup
791	4464.249025	35.75097499	Buildup
792	4464.287888	35.71211239	Buildup
793	4464.326515	35.67348456	Buildup
794	4464.36491	35.63508995	Buildup
795	4464.403073	35.59692703	Buildup
796	4464.441006	35.55899428	Buildup
797	4464.47871	35.52129018	Buildup
798	4464.516187	35.48381324	Buildup
799	4464.553438	35.44656195	Buildup
800	4464.590465	35.40953484	Buildup
801	4464.62727	35.37273044	Buildup
802	4464.663853	35.33614729	Buildup
803	4464.700216	35.29978395	Buildup
804	4464.736361	35.26363897	Buildup
805	4464.772289	35.22771094	Buildup
806	4464.808002	35.19199843	Buildup
807	4464.8435	35.15650004	Buildup
808	4464.878786	35.12121437	Buildup
809	4464.91386	35.08614004	Buildup
810	4464.948724	35.05127568	Buildup
811	4464.98338	35.01661992	Buildup
812	4465.017829	34.98217139	Buildup
813	4465.052071	34.94792877	Buildup
814	4465.086109	34.91389071	Buildup
815	4465.119944	34.88005588	Buildup
816	4465.153577	34.84642297	Buildup
817	4465.187009	34.81299068	Buildup
818	4465.220242	34.7797577	Buildup
819	4465.253277	34.74672275	Buildup
820	4465.286115	34.71388454	Buildup
821	4465.318758	34.68124181	Buildup
822	4465.351207	34.6487933	Buildup
823	4465.383462	34.61653776	Buildup
824	4465.415526	34.58447393	Buildup
825	4465.447399	34.5526006	Buildup
826	4465.479083	34.52091653	Buildup
827	4465.510579	34.4894205	Buildup
828	4465.541889	34.45811132	Buildup
829	4465.573012	34.42698777	Buildup
830	4465.603951	34.39604868	Buildup
831	4465.634707	34.36529285	Buildup
832	4465.665281	34.33471912	Buildup
833	4465.695674	34.30432631	Buildup
834	4465.725887	34.27411328	Buildup
835	4465.755921	34.24407887	Buildup
836	4465.785778	34.21422194	Buildup
837	4465.815459	34.18454136	Buildup
838	4465.844964	34.155036	Buildup
839	4465.874295	34.12570475	Buildup
840	4465.903454	34.09654649	Buildup
841	4465.93244	34.06756013	Buildup
842	4465.961255	34.03874458	Buildup
843	4465.989901	34.01009874	Buildup
844	4466.018378	33.98162154	Buildup
845	4466.046688	33.9533119	Buildup
846	4466.074831	33.92516877	Buildup
847	4466.102809	33.89719109	Buildup
848	4466.130622	33.8693778	Buildup
849	4466.158272	33.84172788	Buildup
850	4466.18576	33.81424027	Buildup
851	4466.213086	33.78691397	Buildup
852	4466.240252	33.75974794	Buildup
853	4466.267259	33.73274118	Buildup
854	4466.294107	33.70589268	Buildup
855	4466.320799	33.67920143	Buildup
856	4466.347334	33.65266646	Buildup
857	4466.373713	33.62628677	Buildup
858	4466.399939	33.60006139	Buildup
859	4466.426011	33.57398934	Buildup
860	4466.45193	33.54806966	Buildup
861	4466.477699	33.52230139	Buildup
862	4466.503316	33.49668358	Buildup
863	4466.528785	33.47121529	Buildup
864	4466.554104	33.44589558	Buildup
865	4466.579276	33.42072351	Buildup
866	4466.604302	33.39569817	Buildup
867	4466.629181	33.37081862	Buildup
868	4466.653916	33.34608396	Buildup
869	4466.678507	33.32149329	Buildup
870	4466.702954	33.29704569	Buildup
871	4466.72726	33.27274028	Buildup
872	4466.751424	33.24857617	Buildup
873	4466.775448	33.22455248	Buildup
874	4466.799332	33.20066832	Buildup
875	4466.823077	33.17692284	Buildup
876	4466.846685	33.15331516	Buildup
877	4466.870156	33.12984443	Buildup
878	4466.89349	33.1065098	Buildup
879	4466.91669	33.08331041	Buildup
880	4466.939755	33.06024543	Buildup
881	4466.962686	33.03731402	Buildup
882	4466.985485	33.01451536	Buildup
883	4467.008151	32.99184861	Buildup
884	4467.030687	32.96931296	Buildup
885	4467.053092	32.9469076	Buildup
886	4467.075368	32.92463172	Buildup
887	4467.097515	32.90248452	Buildup
888	4467.119535	32.8804652	Buildup
889	4467.141427	32.85857297	Buildup
889.3900918	4467.149933	32.85006727	Buildup
890	4467.163193	32.83680704	Buildup
891	4467.184833	32.81516663	Buildup
892	4467.206349	32.79365097	Buildup
893	4467.227741	32.77225929	Buildup
894	4467.249009	32.75099083	Buildup
895	4467.270155	32.72984481	Buildup
896	4467.29118	32.70882049	Buildup
897	4467.312083	32.68791712	Buildup
898	4467.332866	32.66713396	Buildup
899	4467.35353	32.64647025	Buildup
900	4467.374075	32.62592528	Buildup
901	4467.394502	32.60549831	Buildup
902	4467.414811	32.58518861	Buildup
903	4467.435005	32.56499546	Buildup
904	4467.455082	32.54491815	Buildup
905	4467.475044	32.52495597	Buildup
906	4467.494892	32.50510821	Buildup
907	4467.514626	32.48537417	Buildup
908	4467.534247	32.46575315	Buildup
909	4467.553756	32.44624447	Buildup
910	4467.573153	32.42684743	Buildup
911	4467.592439	32.40756135	Buildup
912	4467.611614	32.38838556	Buildup
913	4467.630681	32.36931938	Buildup
914	4467.649638	32.35036213	Buildup
915	4467.668487	32.33151317	Buildup
916	4467.687228	32.31277182	Buildup
917	4467.705863	32.29413742	Buildup
918	4467.724391	32.27560933	Buildup
919	4467.742813	32.25718691	Buildup
920	4467.761131	32.2388695	Buildup
921	4467.779344	32.22065646	Buildup
922	4467.797453	32.20254717	Buildup
923	4467.815459	32.18454099	Buildup
924	4467.833363	32.1666373	Buildup
925	4467.851165	32.14883547	Buildup
926	4467.868865	32.13113488	Buildup
927	4467.886465	32.11353492	Buildup
928	4467.903965	32.09603499	Buildup
929	4467.921366	32.07863447	Buildup
930	4467.938667	32.06133276	Buildup
931	4467.955871	32.04412926	Buildup
932	4467.972977	32.02702338	Buildup
933	4467.989985	32.01001453	Buildup
934	4468.006898	31.99310212	Buildup
935	4468.023714	31.97628557	Buildup
936	4468.040436	31.95956431	Buildup
937	4468.057062	31.94293774	Buildup
938	4468.073595	31.92640531	Buildup
939	4468.090034	31.90996645	Buildup
940	4468.106379	31.89362058	Buildup
941	4468.122633	31.87736716	Buildup
942	4468.138794	31.86120562	Buildup
943	4468.154865	31.84513541	Buildup
944	4468.170844	31.82915599	Buildup
945	4468.186733	31.8132668	Buildup
946	4468.202533	31.7974673	Buildup
947	4468.218243	31.78175696	Buildup
948	4468.233865	31.76613523	Buildup
949	4468.249398	31.7506016	Buildup
950	4468.264844	31.73515552	Buildup
951	4468.280204	31.71979647	Buildup
952	4468.295476	31.70452393	Buildup
953	4468.310663	31.68933739	Buildup
954	4468.325764	31.67423633	Buildup
955	4468.34078	31.65922023	Buildup
956	4468.355711	31.64428859	Buildup
957	4468.370559	31.6294409	Buildup
958	4468.385323	31.61467666	Buildup
959	4468.400005	31.59999538	Buildup
960	4468.414603	31.58539655	Buildup
961	4468.42912	31.57087969	Buildup
962	4468.443556	31.5564443	Buildup
963	4468.45791	31.5420899	Buildup
964	4468.472184	31.52781601	Buildup
965	4468.486378	31.51362214	Buildup
966	4468.500492	31.49950783	Buildup
967	4468.514527	31.48547259	Buildup
968	4468.528484	31.47151596	Buildup
969	4468.542363	31.45763746	Buildup
970	4468.556163	31.44383664	Buildup
971	4468.569887	31.43011304	Buildup
972	4468.583534	31.41646618	Buildup
973	4468.597104	31.40289563	Buildup
974	4468.610599	31.38940092	Buildup
975	4468.624018	31.3759816	Buildup
976	4468.637363	31.36263723	Buildup
977	4468.650633	31.34936737	Buildup
978	4468.663828	31.33617157	Buildup
979	4468.676951	31.32304939	Buildup
980	4468.69	31.31000041	Buildup
981	4468.702976	31.29702417	Buildup
982	4468.71588	31.28412027	Buildup
983	4468.728712	31.27128826	Buildup
984	4468.741472	31.25852772	Buildup
985	4468.754162	31.24583823	Buildup
986	4468.766781	31.23321938	Buildup
987	4468.779329	31.22067074	Buildup
988	4468.791808	31.2081919	Buildup
989	4468.804218	31.19578245	Buildup
990	4468.816558	31.18344197	Buildup
991	4468.82883	31.17117008	Buildup
992	4468.841034	31.15896635	Buildup
993	4468.85317	31.14683039	Buildup
994	4468.865238	31.1347618	Buildup
995	4468.87724	31.12276018	Buildup
996	4468.889175	31.11082515	Buildup
997	4468.901044	31.0989563	Buildup
998	4468.912847	31.08715326	Buildup
999	4468.924584	31.07541562	Buildup
1000	4468.936257	31.06374302	Buildup
1001	4468.947865	31.05213507	Buildup
1002	4468.959409	31.04059139	Buildup
1003	4468.970888	31.0291116	Buildup
1004	4468.982305	31.01769532	Buildup
1005	4468.993658	31.0063422	Buildup
1006	4469.004948	30.99505185	Buildup
1007	4469.016176	30.98382392	Buildup
1008	4469.027342	30.97265803	Buildup
1009	4469.038446	30.96155382	Buildup
1010	4469.049489	30.95051093	Buildup
1011	4469.060471	30.93952901	Buildup
1012	4469.071392	30.9286077	Buildup
1013	4469.082253	30.91774664	Buildup
1014	4469.093055	30.90694549	Buildup
1015	4469.103796	30.89620388	Buildup
1016	4469.114479	30.88552149	Buildup
1017	4469.125102	30.87489796	Buildup
1018	4469.135667	30.86433294	Buildup
1019	4469.146174	30.85382611	Buildup
1020	4469.156623	30.84337711	Buildup
1021	4469.167014	30.83298562	Buildup
1021.016942	4469.16719	30.83281006	Buildup
1022	4469.177349	30.8226513	Buildup
1023	4469.187626	30.81237381	Buildup
1024	4469.197847	30.80215284	Buildup
1025	4469.208012	30.79198804	Buildup
1026	4469.218121	30.78187909	Buildup
1027	4469.228174	30.77182567	Buildup
1028	4469.238173	30.76182746	Buildup
1029	4469.248116	30.75188414	Buildup
1030	4469.258005	30.74199539	Buildup
1031	4469.267839	30.73216088	Buildup
1032	4469.27762	30.72238032	Buildup
1033	4469.287347	30.71265338	Buildup
1034	4469.29702	30.70297976	Buildup
1035	4469.306641	30.69335915	Buildup
1036	4469.316209	30.68379124	Buildup
1037	4469.325724	30.67427573	Buildup
1038	4469.335188	30.66481231	Buildup
1039	4469.344599	30.65540069	Buildup
1040	4469.353959	30.64604056	Buildup
1041	4469.363268	30.63673162	Buildup
1042	4469.372526	30.62747359	Buildup
1043	4469.381734	30.61826617	Buildup
1044	4469.390891	30.60910907	Buildup
1045	4469.399998	30.600002	Buildup
1046	4469.409055	30.59094466	Buildup
1047	4469.418063	30.58193678	Buildup
1048	4469.427022	30.57297807	Buildup
1049	4469.435932	30.56406825	Buildup
1050	4469.444793	30.55520703	Buildup
1051	4469.453606	30.54639414	Buildup
1052	4469.462371	30.53762929	Buildup
1053	4469.471088	30.52891222	Buildup
1054	4469.479757	30.52024265	Buildup
1055	4469.48838	30.5116203	Buildup
1056	4469.496955	30.50304491	Buildup
1057	4469.505484	30.49451621	Buildup
1058	4469.513966	30.48603392	Buildup
1059	4469.522402	30.47759779	Buildup
1060	4469.530792	30.46920755	Buildup
1061	4469.539137	30.46086293	Buildup
1062	4469.547436	30.45256368	Buildup
1063	4469.55569	30.44430954	Buildup
1064	4469.5639	30.43610024	Buildup
1065	4469.572064	30.42793554	Buildup
1066	4469.580185	30.41981517	Buildup
1067	4469.588261	30.41173889	Buildup
1068	4469.596294	30.40370643	Buildup
1069	4469.604282	30.39571757	Buildup
1070	4469.612228	30.38777203	Buildup
1071	4469.62013	30.37986958	Buildup
1072	4469.62799	30.37200998	Buildup
1073	4469.635807	30.36419297	Buildup
1074	4469.643582	30.35641832	Buildup
1075	4469.651314	30.34868577	Buildup
1076	4469.659005	30.34099511	Buildup
1077	4469.666654	30.33334608	Buildup
1078	4469.674262	30.32573845	Buildup
1079	4469.681828	30.31817198	Buildup
1080	4469.689354	30.31064645	Buildup
1081	4469.696838	30.30316161	Buildup
1082	4469.704283	30.29571724	Buildup
1083	4469.711687	30.2883131	Buildup
1084	4469.719051	30.28094898	Buildup
1085	4469.726375	30.27362464	Buildup
1086	4469.73366	30.26633985	Buildup
1087	4469.740906	30.2590944	Buildup
1088	4469.748112	30.25188805	Buildup
1089	4469.755279	30.2447206	Buildup
1090	4469.762408	30.23759181	Buildup
1091	4469.769499	30.23050148	Buildup
1092	4469.776551	30.22344937	Buildup
1093	4469.783565	30.21643528	Buildup
1094	4469.790541	30.209459	Buildup
1095	4469.79748	30.2025203	Buildup
1096	4469.804381	30.19561897	Buildup
1097	4469.811245	30.18875482	Buildup
1098	4469.818072	30.18192761	Buildup
1099	4469.824863	30.17513716	Buildup
1100	4469.831617	30.16838324	Buildup
1101	4469.838334	30.16166566	Buildup
1102	4469.845016	30.1549842	Buildup
1103	4469.851661	30.14833867	Buildup
1104	4469.858271	30.14172886	Buildup
1105	4469.864845	30.13515458	Buildup
1106	4469.871384	30.12861562	Buildup
1107	4469.877888	30.12211178	Buildup
1108	4469.884357	30.11564287	Buildup
1109	4469.890791	30.10920869	Buildup
1110	4469.897191	30.10280904	Buildup
1111	4469.903556	30.09644374	Buildup
1112	4469.909887	30.09011258	Buildup
1113	4469.916185	30.08381538	Buildup
1114	4469.922448	30.07755194	Buildup
1115	4469.928678	30.07132209	Buildup
1116	4469.934874	30.06512562	Buildup
1117	4469.941038	30.05896235	Buildup
1118	4469.947168	30.0528321	Buildup
1119	4469.953265	30.04673468	Buildup
1120	4469.95933	30.04066991	Buildup
1121	4469.965362	30.0346376	Buildup
1122	4469.971362	30.02863758	Buildup
1123	4469.97733	30.02266965	Buildup
1124	4469.983266	30.01673366	Buildup
1125	4469.989171	30.0108294	Buildup
1126	4469.995043	30.00495672	Buildup
1127	4470.000885	29.99911542	Buildup
1128	4470.006695	29.99330534	Buildup
1129	4470.012474	29.98752631	Buildup
1130	4470.018222	29.98177814	Buildup
1131	4470.023939	29.97606067	Buildup
1132	4470.029626	29.97037373	Buildup
1133	4470.035283	29.96471714	Buildup
1134	4470.040909	29.95909074	Buildup
1135	4470.046506	29.95349435	Buildup
1136	4470.052072	29.94792782	Buildup
1137	4470.057609	29.94239098	Buildup
1138	4470.063116	29.93688366	Buildup
1139	4470.068594	29.93140569	Buildup
1140	4470.074043	29.92595692	Buildup
1141	4470.079463	29.92053717	Buildup
1142	4470.084854	29.9151463	Buildup
1143	4470.090216	29.90978414	Buildup
1144	4470.095549	29.90445053	Buildup
1145	4470.100855	29.89914531	Buildup
1146	4470.106132	29.89386833	Buildup
1147	4470.111381	29.88861942	Buildup
1148	4470.116602	29.88339844	Buildup
1149	4470.121795	29.87820523	Buildup
1150	4470.12696	29.87303963	Buildup
1151	4470.132099	29.86790149	Buildup
1152	4470.137209	29.86279066	Buildup
1153	4470.142293	29.85770699	Buildup
1154	4470.14735	29.85265033	Buildup
1155	4470.152379	29.84762053	Buildup
1156	4470.157383	29.84261744	Buildup
1157	4470.162359	29.83764091	Buildup
1158	4470.167309	29.8326908	Buildup
1159	4470.172233	29.82776696	Buildup
1160	4470.177131	29.82286925	Buildup
1161	4470.182002	29.81799752	Buildup
1162	4470.186848	29.81315162	Buildup
1163	4470.191669	29.80833143	Buildup
1164	4470.196463	29.80353679	Buildup
1165	4470.201232	29.79876756	Buildup
1166	4470.205976	29.7940236	Buildup
1167	4470.210695	29.78930478	Buildup
1168	4470.215389	29.78461096	Buildup
1169	4470.220058	29.779942	Buildup
1170	4470.224702	29.77529775	Buildup
1171	4470.229322	29.7706781	Buildup
1172	4470.233917	29.76608289	Buildup
1173	4470.238488	29.76151201	Buildup
1174	4470.243035	29.75696531	Buildup
1175	4470.247557	29.75244265	Buildup
1176	4470.252056	29.74794392	Buildup
1177	4470.256531	29.74346897	Buildup
1178	4470.260982	29.73901768	Buildup
1179	4470.26541	29.73458992	Buildup
1180	4470.269814	29.73018556	Buildup
1181	4470.274196	29.72580447	Buildup
1182	4470.278553	29.72144652	Buildup
1183	4470.282888	29.71711159	Buildup
1184	4470.2872	29.71279954	Buildup
1185	4470.29149	29.70851027	Buildup
1186	4470.295756	29.70424363	Buildup
1187	4470.3	29.69999951	Buildup
1188	4470.304222	29.69577778	Buildup
1188.046282	4470.304417	29.69558293	Buildup
1189	4470.308422	29.69157833	Buildup
1190	4470.312599	29.68740102	Buildup
1191	4470.316754	29.68324574	Buildup
1192	4470.320888	29.67911238	Buildup
1193	4470.324999	29.6750008	Buildup
1194	4470.329089	29.67091089	Buildup
1195	4470.333157	29.66684253	Buildup
1196	4470.337204	29.66279561	Buildup
1197	4470.34123	29.65877001	Buildup
1198	4470.345234	29.6547656	Buildup
1199	4470.349218	29.65078229	Buildup
1200	4470.35318	29.64681994	Buildup
1201	4470.357122	29.64287845	Buildup
1202	4470.361042	29.63895771	Buildup
1203	4470.364942	29.6350576	Buildup
1204	4470.368822	29.631178	Buildup
1205	4470.372681	29.62731882	Buildup
1206	4470.37652	29.62347993	Buildup
1207	4470.380339	29.61966122	Buildup
1208	4470.384137	29.6158626	Buildup
1209	4470.387916	29.61208394	Buildup
1210	4470.391675	29.60832514	Buildup
1211	4470.395414	29.60458609	Buildup
1212	4470.399133	29.60086668	Buildup
1213	4470.402833	29.59716682	Buildup
1214	4470.406514	29.59348638	Buildup
1215	4470.410175	29.58982528	Buildup
1216	4470.413817	29.58618339	Buildup
1217	4470.417439	29.58256063	Buildup
1218	4470.421043	29.57895687	Buildup
1219	4470.424628	29.57537203	Buildup
1220	4470.428194	29.571806	Buildup
1221	4470.431741	29.56825868	Buildup
1222	4470.43527	29.56472996	Buildup
1223	4470.43878	29.56121975	Buildup
1224	4470.442272	29.55772795	Buildup
1225	4470.445746	29.55425445	Buildup
1226	4470.449201	29.55079916	Buildup
1227	4470.452638	29.54736198	Buildup
1228	4470.456057	29.54394281	Buildup
1229	4470.459458	29.54054156	Buildup
1230	4470.462842	29.53715813	Buildup
1231	4470.466208	29.53379241	Buildup
1232	4470.469556	29.53044433	Buildup
1233	4470.472886	29.52711377	Buildup
1234	4470.476199	29.52380066	Buildup
1235	4470.479495	29.52050488	Buildup
1236	4470.482774	29.51722636	Buildup
1237	4470.486035	29.51396499	Buildup
1238	4470.489279	29.51072069	Buildup
1239	4470.492507	29.50749336	Buildup
1240	4470.495717	29.50428292	Buildup
1241	4470.498911	29.50108926	Buildup
1242	4470.502088	29.49791231	Buildup
1243	4470.505248	29.49475197	Buildup
1244	4470.508392	29.49160815	Buildup
1245	4470.511519	29.48848077	Buildup
1246	4470.51463	29.48536973	Buildup
1247	4470.517725	29.48227494	Buildup
1248	4470.520804	29.47919633	Buildup
1249	4470.523866	29.4761338	Buildup
1250	4470.526913	29.47308727	Buildup
1251	4470.529943	29.47005665	Buildup
1252	4470.532958	29.46704186	Buildup
1253	4470.535957	29.46404281	Buildup
1254	4470.538941	29.46105942	Buildup
1255	4470.541908	29.4580916	Buildup
1256	4470.544861	29.45513928	Buildup
1257	4470.547798	29.45220236	Buildup
1258	4470.550719	29.44928077	Buildup
1259	4470.553626	29.44637442	Buildup
1260	4470.556517	29.44348323	Buildup
1261	4470.559393	29.44060712	Buildup
1262	4470.562254	29.43774602	Buildup
1263	4470.5651	29.43489983	Buildup
1264	4470.567932	29.43206849	Buildup
1265	4470.570748	29.42925191	Buildup
1266	4470.57355	29.42645001	Buildup
1267	4470.576337	29.42366272	Buildup
1268	4470.57911	29.42088995	Buildup
1269	4470.581868	29.41813163	Buildup
1270	4470.584612	29.41538769	Buildup
1271	4470.587342	29.41265804	Buildup
1272	4470.590057	29.40994261	Buildup
1273	4470.592759	29.40724133	Buildup
1274	4470.595446	29.40455411	Buildup
1275	4470.598119	29.40188089	Buildup
1276	4470.600778	29.39922159	Buildup
1277	4470.603424	29.39657614	Buildup
1278	4470.606056	29.39394445	Buildup
1279	4470.608674	29.39132647	Buildup
1280	4470.611278	29.38872211	Buildup
1281	4470.613869	29.38613131	Buildup
1282	4470.616446	29.38355399	Buildup
1283	4470.61901	29.38099007	Buildup
1284	4470.62156	29.3784395	Buildup
1285	4470.624098	29.3759022	Buildup
1286	4470.626622	29.3733781	Buildup
1287	4470.629133	29.37086712	Buildup
1288	4470.631631	29.3683692	Buildup
1289	4470.634116	29.36588427	Buildup
1290	4470.636588	29.36341226	Buildup
1291	4470.639047	29.36095311	Buildup
1292	4470.641493	29.35850674	Buildup
1293	4470.643927	29.35607308	Buildup
1294	4470.646348	29.35365208	Buildup
1295	4470.648756	29.35124365	Buildup
1296	4470.651152	29.34884775	Buildup
1297	4470.653536	29.34646429	Buildup
1298	4470.655907	29.34409322	Buildup
1299	4470.658266	29.34173446	Buildup
1300	4470.660612	29.33938796	Buildup
1301	4470.662946	29.33705365	Buildup
1302	4470.665269	29.33473146	Buildup
1303	4470.667579	29.33242133	Buildup
1304	4470.669877	29.3301232	Buildup
1305	4470.672163	29.327837	Buildup
1306	4470.674437	29.32556268	Buildup
1307	4470.6767	29.32330016	Buildup
1308	4470.678951	29.32104939	Buildup
1309	4470.68119	29.3188103	Buildup
1310	4470.683417	29.31658284	Buildup
1311	4470.685633	29.31436693	Buildup
1312	4470.687837	29.31216253	Buildup
1313	4470.69003	29.30996956	Buildup
1314	4470.692212	29.30778798	Buildup
1315	4470.694382	29.30561771	Buildup
1316	4470.696541	29.30345871	Buildup
1317	4470.698689	29.30131091	Buildup
1318	4470.700826	29.29917425	Buildup
1319	4470.702951	29.29704867	Buildup
1320	4470.705066	29.29493412	Buildup
1321	4470.707169	29.29283053	Buildup
1322	4470.709262	29.29073786	Buildup
1323	4470.711344	29.28865604	Buildup
1324	4470.713415	29.28658501	Buildup
1325	4470.715475	29.28452473	Buildup
1326	4470.717525	29.28247513	Buildup
1327	4470.719564	29.28043615	Buildup
1328	4470.721592	29.27840774	Buildup
1329	4470.72361	29.27638985	Buildup
1330	4470.725618	29.27438243	Buildup
1331	4470.727615	29.2723854	Buildup
1332	4470.729601	29.27039873	Buildup
1333	4470.731578	29.26842236	Buildup
1334	4470.733544	29.26645623	Buildup
1335	4470.7355	29.26450029	Buildup
1336	4470.737446	29.26255449	Buildup
1337	4470.739381	29.26061876	Buildup
1338	4470.741307	29.25869307	Buildup
1339	4470.743223	29.25677736	Buildup
1340	4470.745128	29.25487158	Buildup
1341	4470.747024	29.25297567	Buildup
1342	4470.74891	29.25108958	Buildup
1343	4470.750787	29.24921326	Buildup
1344	4470.752653	29.24734667	Buildup
1345	4470.75451	29.24548974	Buildup
1346	4470.756358	29.24364243	Buildup
1347	4470.758195	29.2418047	Buildup
1348	4470.760024	29.23997648	Buildup
1349	4470.761842	29.23815773	Buildup
1350	4470.763652	29.2363484	Buildup
1351	4470.765452	29.23454844	Buildup
1352	4470.767242	29.23275781	Buildup
1353	4470.769024	29.23097645	Buildup
1354	4470.770796	29.22920431	Buildup
1355	4470.772559	29.22744136	Buildup
1356	4470.774312	29.22568753	Buildup
1357	4470.776057	29.22394278	Buildup
1358	4470.777793	29.22220707	Buildup
1359	4470.77952	29.22048035	Buildup
1360	4470.781237	29.21876257	Buildup
1361	4470.782946	29.21705368	Buildup
1362	4470.784646	29.21535365	Buildup
1363	4470.786338	29.21366241	Buildup
1364	4470.78802	29.21197993	Buildup
1365	4470.789694	29.21030617	Buildup
1366	4470.791359	29.20864107	Buildup
1367	4470.793015	29.20698459	Buildup
1368	4470.794663	29.20533669	Buildup
1369	4470.796303	29.20369732	Buildup
1370	4470.797934	29.20206643	Buildup
1371	4470.799556	29.200444	Buildup
1372	4470.80117	29.19882996	Buildup
1373	4470.802776	29.19722428	Buildup
1374	4470.804373	29.19562691	Buildup
1375	4470.805962	29.19403781	Buildup
1376	4470.807543	29.19245694	Buildup
1377	4470.809116	29.19088425	Buildup
1378	4470.81068	29.18931971	Buildup
1379	4470.812237	29.18776327	Buildup
1380	4470.813785	29.18621488	Buildup
1381	4470.815325	29.18467451	Buildup
1382	4470.816858	29.18314212	Buildup
1383	4470.818382	29.18161766	Buildup
1384	4470.819899	29.18010109	Buildup
1385	4470.821408	29.17859238	Buildup
1386	4470.822909	29.17709148	Buildup
1387	4470.824402	29.17559835	Buildup
1388	4470.825887	29.17411295	Buildup
1389	4470.827365	29.17263524	Buildup
1390	4470.828835	29.17116518	Buildup
1391	4470.830297	29.16970274	Buildup
1392	4470.831752	29.16824786	Buildup
1393	4470.833199	29.16680053	Buildup
1394	4470.834639	29.16536068	Buildup
1395	4470.836072	29.16392829	Buildup
1396	4470.837497	29.16250332	Buildup
1397	4470.838914	29.16108573	Buildup
1398	4470.840325	29.15967549	Buildup
1399	4470.841727	29.15827254	Buildup
1400	4470.843123	29.15687686	Buildup
